row_id,pred_displacement_m,pred_v_final_m_s
train:2,24.420679740081706,9.917008542704568
train:3,1.914072454135932,-0.33387022918823406
train:4,-0.4339408091508412,0.05062975658372614
train:5,-0.4875280125262901,0.04174512665815979
train:6,1.5300054145109483,-0.1273621443069939
train:7,1.2311691886737184,-0.05799703462253755
train:8,0.06791235589246446,0.008012692810572916
train:9,-6.422375177289799,-0.04540151170708984
train:10,-0.4276446777136632,-0.10590053737128066
train:11,-3.1142461531281405,-1.9312375053996886
train:12,-1.0568877479129895,0.050589668896114395
train:13,-5.815978567858748,-6.599288805019172
train:14,-1.49809743969805,0.0570952871540173
train:15,29.39154815293385,10.23669772249071
train:16,-2.5367459626261177,-9.202146696447159
train:17,2.2537027765546784,4.7734563518439375
train:18,-9.791627700975818,-6.735138417312439
train:19,7.673122144877227,10.25440820608812
train:20,1.9901546414203977,3.172251678169329
train:21,13.445401034071164,2.167269042432027
train:22,-8.272051903791771,-4.412668649765226
train:23,5.946798918647569,2.531692943055054
train:24,-11.473102293997515,-11.882637176821081
train:25,0.39138101915781187,-0.1485598287441957
train:26,-29.86202381286851,-14.758333296742691
train:27,0.18973256161208896,-0.17173964247562368
train:28,-0.6740306534285079,-0.4010751688875765
train:29,-0.9495208657391644,-2.4337146998481494
train:30,-9.911988998779632,-1.3167344832857568
train:31,0.3666449053545424,0.3935889117332199
train:32,0.41444273625655875,0.03683388561288622
train:33,-1.9842001642149594,-0.22702812471514794
train:34,-0.13232205817781617,0.021551489001781665
train:35,18.257888209177125,7.7137190424446365
train:36,-0.5660570552476298,0.004416213790316523
train:37,26.164090506635677,18.20136971379698
train:38,-1.777502481232761,-0.35525479928654397
train:39,0.09269449642730346,-0.09934299057853549
train:40,1.81842169972896,0.26704363746855697
train:41,-6.327310915022978,-1.4321884502156774
train:42,2.1147569073593373,0.19628701424330014
train:43,17.04746885386446,4.065992835374574
train:44,2.3747042643521414,0.28803817291230993
train:45,1.1693685382955077,3.1007931637588415
train:46,-2.1618440540394803,-2.1203533829506425
train:47,3.0832211734745694,9.777299099535773
train:48,-0.292669660178277,-0.09507514978638992
train:49,-1.1349218870408362,-0.05659096967911639
train:50,-7.119798249354524,-4.626344869706037
train:51,6.142176815162541,14.899932650503573
train:52,1.4248087624680994,4.18941925901088
train:53,-1.971123690826162,-2.0781448997373473
train:54,0.861043599549503,-0.5019365042227726
train:55,13.912363147085868,5.7459357192726666
train:56,-5.440948574781732,-0.6355756229301963
train:57,-0.3460762435010514,0.2451212361165237
train:58,-11.476453411988963,-1.1212072862723141
train:59,-1.1793904510259887,-0.4017794853065771
train:60,-0.1052460197281877,0.04544146824542052
train:61,7.01851927541604,9.542848041798617
train:62,-14.885528821728734,-1.8504157340460643
train:63,4.608511259120447,1.4351052333181884
train:64,6.388916359860806,0.11146118193523143
train:65,6.371727932660222,6.888800027880965
train:66,0.3408843480864901,0.5215594388202498
train:67,-34.25649621185982,-12.929048511784185
train:68,-0.9307170862270814,0.06491894863556752
train:69,24.285615923498543,11.334930311366946
train:70,0.6734358521731355,-0.11290261524800516
train:71,-2.0532277088243105,0.04390957646757391
train:72,0.745268237909346,0.04138476545208412
train:73,0.7679663903203415,0.6507726842232437
train:74,0.7429320325948311,4.273080693787679
train:75,0.10067176585797132,-0.05454735357577753
train:76,-3.2721885097167323,-0.5970112674476993
train:77,3.8921028576580037,-0.06178296719848217
train:78,-0.28255052052194335,-0.38372618778272205
train:79,8.204867115034313,0.3493087082370143
train:80,-1.027734927544965,0.0807538705638261
train:81,-3.5892457422577375,0.04748151782850924
train:82,5.393942091110955,0.5754004131510461
train:83,6.904883459419146,4.936722518604197
train:84,-0.057125071872223515,0.09232922602691947
train:85,0.5101220830270815,0.02542644192317016
train:86,-3.020969959645325,0.2504772935673966
train:87,-4.957560032677985,-4.677663672246329
train:88,20.04505319554396,5.2559825746738404
train:89,-3.334389220726414,-0.046825266590951736
train:90,-0.7262310109426238,4.381860417382269
train:91,2.7587545669838276,1.4843728587322107
train:92,0.5734690456194371,3.7697305578427907
train:93,-0.9502844910583866,0.0979549124087041
train:94,-0.247604957036003,-0.1210970521747615
train:95,-2.0592255963392474,0.11981654025567476
train:96,1.3723638588852403,2.4728630488679357
train:97,4.189243068174367,2.701912112373396
train:98,-2.0330907813043924,-4.190212227611772
train:99,0.4688043742594013,0.5308050005951318
train:100,-0.20753857097558986,0.04281337080348624
train:101,-1.0566327412234346,0.01966608373673967
train:102,-3.6412066677843953,0.10208123367732354
train:103,12.994017342485071,3.2780614890212103
train:104,14.694772951786085,9.02180910669944
train:105,1.9566104524358061,5.165947054905965
train:106,-13.248651807015527,-6.236078947889298
train:107,0.7873359731891937,0.4607456320787802
train:108,0.20700072198907882,-2.0723132111459135
train:109,12.216928041987702,6.910055347285409
train:110,1.4123397024610762,0.10831579639621465
train:111,6.33918656852407,2.4149752866700984
train:112,1.2908440084448412,-0.06379476994118966
train:113,-0.07501645279132432,-0.27335308560117244
train:114,0.4443050191738267,-0.10252118810385372
train:115,-4.536242024969378,-8.799914542634667
train:116,7.501930598427332,6.007877515098017
train:117,8.416166076424025,3.928496061368975
train:118,-0.2642955749150911,0.04475698167901076
train:119,-0.33828749770322647,-0.38358609486729595
train:120,0.7664019463634574,0.09373186711090045
train:121,-0.8679408086145403,0.14678884896030767
train:122,16.139814268649253,7.142214701770625
train:123,-18.037788086971872,-6.550303648008962
train:124,-0.574292818241456,0.21307933286751035
train:125,2.3173419391550287,0.17400681957977127
train:126,-0.9704895288426981,0.156868405830486
train:127,0.13768888095190177,0.08925602685776582
train:128,-0.18912950555545172,-0.09644098438138932
train:129,-3.724406261468843,0.05954577188749386
train:130,1.9463641581220554,8.755131542625122
train:131,12.537998433588388,4.586458559339146
train:132,1.0576986216364102,0.0029719157498137166
train:133,-1.1633045732589116,-0.035686310545667344
train:134,-2.650492893661851,-9.265275246161384
train:135,-2.514537367269089,-0.6827384307533872
train:136,1.2643037862389894,2.353259649618175
train:137,-1.1382753296146864,-0.05896227766303952
train:138,0.8793468964703273,0.22340055714983917
train:139,-2.0883423856800327,-0.16667404243392342
train:140,10.525957064935302,3.98334714556502
train:141,1.689294169227069,-0.033733569378302436
train:142,-0.8092985683466094,-0.4463571365916456
train:143,2.2821986699357555,3.079073911400257
train:144,5.781482521761759,3.894600708876361
train:145,7.582108234988526,0.4422368185885754
train:146,3.0374534003846585,0.11106315827531411
train:147,0.7457763916225332,0.08770245063679827
train:148,0.6321754443616769,4.982150856299333
train:149,-25.22599196860467,-20.831023930308923
train:150,19.653850152859775,13.64148740684445
train:151,-2.500269080482529,0.20201398980018914
train:152,-0.5042015447247198,-0.11640222757826732
train:153,2.8540831342698127,6.5681390426570605
train:154,0.4237343245776015,0.38782298977519913
train:155,2.48257604582379,3.2564509441998504
train:156,0.03700354597758984,0.16738964056844352
train:157,18.368415593585393,10.707023022205641
train:158,-12.28497385606705,-10.888349536688324
train:159,0.0651226245512212,0.11891777715263568
train:160,-0.877559465679615,0.016642245207848183
train:161,-0.1603637281574442,-0.20438785416716343
train:162,10.40294202386079,2.7819944727487584
train:163,-0.28485441414106355,-0.049079878032289775
train:164,-3.731472991972451,0.10222360916570973
train:165,3.116405982019734,5.753266772977265
train:166,-6.88430875365141,-3.607612299778717
train:167,-1.3226600434899844,-4.13613407968434
train:168,-0.7266489708585937,0.0333817793323561
train:169,1.8537307116735318,6.66678328634395
train:170,-34.45014694364973,-13.56226278307772
train:171,-3.584354820882872,-4.205729443916146
train:172,-0.9855109803276693,-4.635013225843634
train:173,-0.5561892029490066,-0.03148723226394476
train:174,-2.6084179521765556,-4.514436594548011
train:175,2.615193471886558,-0.22774114344355895
train:176,19.950273462163207,8.072576603582842
train:177,-0.18389919514982112,0.16676307429089626
train:178,-0.4759061465758586,-0.0725732602241114
train:179,0.7444750903936123,-0.033496181790452106
train:180,-0.29398095711152866,0.1114791571972922
train:181,-5.569849458499379,-0.0902552116595203
train:182,3.399900893833408,0.0512911320989149
train:183,32.44017288550862,10.83370125634523
train:184,-0.17214680389748915,0.322326127954061
train:185,0.5325159476015895,-0.006711329390167359
train:186,-4.128603254866539,-10.825415576318948
train:187,0.6085130551701234,-0.0017922420003434608
train:188,0.7038581269911663,-0.269273985060665
train:189,0.053788658131339706,-0.0376396223562723
train:190,-7.577833965943618,-2.656685842204105
train:191,6.455762051427168,0.4801303829424232
train:192,7.73162676986693,10.208614086076128
train:193,-18.11115934625854,-16.564793493386684
train:194,-8.114364321434495,-0.7006049852769443
train:195,-1.04322408500932,-0.012504784884519296
train:196,0.20363542404497595,-0.10013675532541003
train:197,-6.05887929717752,0.20099339436540478
train:198,-0.8847466095516724,-0.10753571557557176
train:199,-1.4768786515280068,-0.19618970805934693
train:200,0.09852175959389675,-0.07977648984294464
train:201,0.27254813428364333,0.05768319235205287
train:202,-3.9309249516060487,-0.42854022802997077
train:203,-0.6379456958779809,-0.04161686307843526
train:204,3.5901786565572897,-0.33527558082760517
train:205,-4.543875953579197,-2.2259500585523746
train:206,-1.2772035319837682,-0.12288630405385928
train:207,-13.344457146152266,-2.9363680803969676
train:208,10.123695518845931,6.389164208785398
train:209,-0.38623689137788597,0.7165096085224198
train:210,-0.9908117255800958,0.17309607296869167
train:211,2.943317343871157,8.97813036117822
train:212,-3.8183891280020195,-0.10497324210624034
train:213,2.7895627224806736,0.3802471301206297
train:214,0.1716457995420578,0.08022588290599314
train:215,3.4066463670489897,0.8970193300489393
train:216,2.1900947633585215,0.06077607871298736
train:217,1.5193448796130715,1.526227971119121
train:218,-13.755197839013006,-12.142340339215814
train:219,-2.4254951681741916,-0.05738073992331075
train:220,-0.39860808646576407,0.15790255404222095
train:221,0.7912828816504027,-0.12346693355058455
train:222,0.6794676785911491,-0.1219182077971572
train:223,-0.13657116235135053,-0.0585225970466004
train:224,-3.2369185507565224,-0.0037836442472200527
train:225,13.677231637072738,4.062597508096426
train:226,-11.38767668020443,-2.9882555289259436
train:227,14.510150898047492,7.518960787197128
train:228,-4.034762652776395,-5.619958865493945
train:229,-4.6704671322217175,-2.499185454741056
train:230,-0.4652031880491365,0.3456645805062159
train:231,2.95880510658607,9.570987601250721
train:232,1.2791150954747743,-0.31122154165245913
train:233,0.22834294548469464,0.011895634737321775
train:234,24.487475220668173,7.53027607200358
train:235,0.5369935582252898,-0.2058658201588277
train:236,-8.396714608873177,-2.1205839228196126
train:237,0.03671553021791979,-0.27811381949188946
train:238,-22.964932034665907,-5.889063945911327
train:239,-22.495790393190614,-6.005181285607777
train:240,8.895692092407774,0.46735767530094774
train:241,-1.3994658732763487,-0.6222108729271951
train:242,1.2051880285356686,-0.13547383796394666
train:243,-0.5959990713413037,0.11856597559516038
train:244,-0.3934310089971508,-0.1454937626155424
train:245,-3.0644549928159783,-5.729447613314266
train:246,-0.5637936093623132,-0.09522736887066652
train:247,0.846701391042543,1.9270641889057014
train:248,1.6933105827021127,-0.08585184309786884
train:249,-9.853469961379034,-7.609173266188288
train:250,6.0778937432366975,-0.16827355543571298
train:251,-0.8339410014790579,0.027273614091130494
train:252,-5.133548122457203,0.03076766264980243
train:253,2.508516525769796,0.028725330493753615
train:254,-0.782789263086711,-0.04141086086878629
train:255,6.39468783304974,1.0807008293643268
train:256,-0.08385428262739861,0.03963189207953789
train:257,1.2768272414742312,-0.026564578353870688
train:258,0.3958497963683827,5.855321751309783
train:259,2.8106206495484636,-0.03406168924131672
train:260,-1.1302531957436504,-0.053737753478992345
train:261,-5.693990527289663,-3.8476017354819327
train:262,-18.929687582495877,-5.031754079757367
train:263,11.80321374331768,2.374702140005347
train:264,0.7396043928856487,-0.18676967211382728
train:265,0.29693811776718015,0.07270680225380617
train:266,-10.383996385440728,-3.770227362602108
train:267,1.019657295535937,-0.32086641103454855
train:268,-6.266497979707591,-6.66523633233912
train:269,-0.7075341622210558,-2.8092222041221784
train:270,1.2193156780868777,-0.154890259527411
train:271,1.0255319801835414,-0.04231575838665563
train:272,-5.995794779938407,-4.829653928583698
train:273,5.445829559833695,1.1256438349838211
train:274,1.5451551829445376,-0.2138151658139934
train:275,-1.6033673160865773,-0.4730210126250451
train:276,-3.5600108641309047,-0.1231741935684518
train:277,-0.6641214235631202,-0.19066987599858687
train:278,0.01556880410235445,0.09838860127112296
train:279,-1.1166397438198747,-1.3115695913202923
train:280,2.1720457757525313,0.06377965940685798
train:281,6.169431613998922,5.841311889123934
train:282,0.31750602286452234,0.07587073369812376
train:283,3.11267735184612,0.12213591970475562
train:284,3.432392046989666,0.5061972234859466
train:285,1.451841796143282,4.177935349127001
train:286,2.892092381133131,0.04627218214208665
train:287,-2.0981223687638413,-0.1645763578835922
train:288,3.6462596719341436,0.07852479540747917
train:289,-4.876575301106642,-5.795655353951665
train:290,2.479206098714882,-0.34319725028562964
train:291,-4.280484495298845,-0.07694809662376165
train:292,-3.8978512580997235,-0.04056502492625952
train:293,3.586388192491769,0.09093571523477886
train:294,-0.4375755261953942,-0.14254367972542412
train:295,7.034590508313981,0.14504581918365186
train:296,12.123466811745647,11.557014388806284
train:297,3.691941667933402,0.20246622456790883
train:298,-0.06864453996782469,-0.05890264544445692
train:299,-2.2364782589454273,-0.025734863082874607
train:300,-0.5323275970455587,-0.09486829161188093
train:301,0.913361116016705,-0.09142189176375104
train:302,-3.978456152906498,0.31433826388019365
train:303,-5.604994354926334,-4.495162263151313
train:304,-1.2110965927049215,0.0144375650500123
train:305,-0.10861364225469305,0.00866493803392128
train:306,15.890131802629417,21.576899095375207
train:307,1.1391213045323851,-0.6253633915067123
train:308,0.4849684742243226,0.23961880867458443
train:309,3.189206323868347,0.040739367947616054
train:310,1.7444462814758825,0.12321457808921253
train:311,0.018196047133662796,0.15909362914496275
train:312,14.3937683554838,3.971212417065892
train:313,-18.182116759178445,-4.120421988713497
train:314,-2.802120289695804,-4.140122875932113
train:315,0.5013223763424083,0.10625834219430517
train:316,7.7573803533877745,0.736591970746993
train:317,-13.321019776537275,-13.859336229975199
train:318,-0.1973094785716178,0.07260494243546174
train:319,0.9122169565581932,0.026636776235262796
train:320,-7.388847276286086,-2.114861512408644
train:321,1.174571651087029,0.582851087944835
train:322,2.8151005847545663,8.067256496656091
train:323,-2.2048623110637116,-6.341452216662559
train:324,-5.1887453316046255,0.13509009189655893
train:325,-0.6740427412570009,-1.3213237388828465
train:326,7.963027790040522,13.897039710311242
train:327,1.7476016696290393,-0.113726909408221
train:328,-16.835848808263535,-5.910631977811305
train:329,10.584248293260455,5.351196111201701
train:330,-2.509424680733025,-0.11736875456605936
train:331,0.6213447500319373,0.1200794641285162
train:332,-14.100822329614845,-4.238619037698217
train:333,-5.836946301129321,-2.4080055099553115
train:334,0.5447160534246434,0.5810927221311035
train:335,-2.672542022666068,-0.03465344628122244
train:336,-0.19213983976669247,0.01681001432041547
train:337,-1.1456979536841172,0.2362628557799985
train:338,4.884076555442704,0.9256253903497633
train:339,-11.016902067673437,-4.36379847736788
train:340,0.5076670915517987,0.03961705535529725
train:341,-6.448986996633647,-14.286134004627518
train:342,-1.030756419751738,0.15330416815329098
train:343,-2.049398191774428,1.9744147383548605
train:344,-0.2944845778890308,-0.010651335640918691
train:345,-4.8614887613144,-1.1067112360459639
train:346,-4.2672148491124,-0.17254025494137853
train:347,-3.982445136309193,-5.71572763789435
train:348,-3.0749639649412117,-0.024543645319322807
train:349,3.020523001830752,0.043047619853516426
train:350,2.368188459877927,0.08162110562785382
train:351,-1.9283130190104747,-0.043748358240737945
train:352,-3.476494662323236,0.020298927089927185
train:353,-3.281454295173107,-1.7022176873602797
train:354,11.529634570200122,11.946314054870093
train:355,8.017818197267507,3.1890619720556
train:356,-2.206530198937507,0.13501819084831582
train:357,2.0097020548430415,-0.13031493775250233
train:358,11.499794370815678,4.399928694291175
train:359,-8.312581462895883,-7.506751364252433
train:360,-0.5823407549771599,-2.1798209709584886
train:361,-0.7489603127578127,-0.024486866316940345
train:362,-0.6937063837997696,-0.08173322551298973
train:363,-2.5295299939322695,0.12159067008891192
train:364,0.5159570173156031,0.04666350074393367
train:365,1.289424618429873,3.0889996799172486
train:366,6.857453144994966,0.22355605743274592
train:367,1.251018565350447,0.055066507774919074
train:368,-1.4146674798975138,-0.16824787648991185
train:369,-8.332173973217136,-14.662206160387552
train:370,-1.7771014907683291,-1.4009819686700604
train:371,0.9724120178709957,0.5539390202065477
train:372,-19.61172377872196,-5.59914465331404
train:373,6.492833561749317,3.9936820652851095
train:374,1.135566088205998,-0.5176048339901462
train:375,-0.9728866382161586,0.039823485547376226
train:376,11.331180321333678,2.6978251654883385
train:377,1.2682118741740767,-0.21214032790452053
train:378,2.121101157652247,6.3823164899051
train:379,-5.258326591742252,-0.8911416218347499
train:380,-6.9512223230239245,-3.4490236956569404
train:381,-6.071506428787914,-0.7264568359797883
train:382,-20.589640261802245,-11.599659759238696
train:383,-3.824888195482936,-1.7273468183996326
train:384,0.050545400763368206,0.03539643529126371
train:385,-0.4048849238690013,0.13756411566368654
train:386,0.8864773205317635,-0.04493329892864947
train:387,5.233282762610319,-0.02318094926214355
train:388,-4.9011019700354455,-2.5358475709829307
train:389,-1.9074917344312596,0.05971125842710105
train:390,0.20279996912951653,-0.1867253046019154
train:391,-6.470081187186916,0.013790170294204152
train:392,-3.6878089659568047,0.022249385684332004
train:393,-3.2566310095297437,0.0767572279715023
train:394,-0.371174759700871,0.03583369067393273
train:395,-2.5571088395555592,-0.5288072740958836
train:396,-0.11371703046114706,-0.3357286715601849
train:397,3.6199365657246854,2.495699620690489
train:398,-0.2410943828721941,0.06744689818887745
train:399,-0.4050091727984151,-0.015108629988752523
train:400,-37.770844519945236,-13.981453883340508
train:401,12.07720111310512,5.02946231668655
train:402,-2.3626175387689012,-0.08860262883640846
train:403,0.5485239518581827,-0.10242275214494942
train:404,0.9192020942194731,-0.11228175540285815
train:405,-0.008360679607246624,0.10377219225832707
train:406,9.415366435981625,7.7061477479359874
train:407,-0.32159106836813206,0.03918807429960859
train:408,3.0358529254005355,-0.41622203772917515
train:409,0.8585274715570343,-0.06686283332118309
train:410,5.9301665315576635,11.639479184708751
train:411,6.364087960136158,5.1797309423687645
train:412,-2.6608200834432085,-4.926151412401615
train:413,-1.1161722702987316,-2.1242554414259325
train:414,52.90543930128369,19.063669855084957
train:415,1.0143907216448276,-0.23991439036138834
train:416,-2.537381503454962,1.0403747555390632
train:417,-3.0860536177505904,-0.25649756823812947
train:418,1.2504139414675564,2.9698967347889895
train:419,-0.0684346301768787,-0.3447561049565674
train:420,0.2927366675328971,0.050829196396114815
train:421,-5.675117707680225,0.07819467829312482
train:422,-0.45795641863845504,-0.013341918517635692
train:423,26.33208528736565,9.3713760252468
train:424,-0.31194207550270453,-0.16284987676089713
train:425,-7.817301287053894,-0.0489817273950055
train:426,6.713303930549863,2.014718699754573
train:427,0.18874484654926563,0.06000185849708369
train:428,5.7394996337396025,-0.13168590813666195
train:429,2.154010968099196,5.291521094376106
train:430,-6.741391567879633,-0.48849172150535786
train:431,11.96345743648475,5.210719723518312
train:432,0.055753627636175085,-0.024839951821705702
train:433,3.8618502773553556,6.251598672269376
train:434,0.261578429926234,-0.27068447248919636
train:435,-1.6674832505376807,0.10455839598227126
train:436,0.26211308387880955,0.016240227045250702
train:437,1.7050655309950877,-0.8122093929096574
train:438,1.2147257901331368,4.696045172475132
train:439,9.822776467176059,1.5171517477257161
train:440,6.7830009548911345,2.4424626008988537
train:441,-3.1511958553323987,-3.5919512813778556
train:442,-3.271012271021066,-7.683482428904319
train:443,-4.50436316681794,-9.532546849848567
train:444,-0.24809648998501216,-0.012204626540266245
train:445,0.06387374265547673,0.06977569325141872
train:446,-0.18953049601988342,0.008674353647381686
train:447,1.3154315814325903,0.1396309854790564
train:448,-24.896771591100812,-8.15427394414635
train:449,-1.0653717763074027,-0.6292263609200603
train:450,6.587652348114434,7.541575949442551
train:451,2.886584050672161,-0.3444613677230946
train:452,-33.627806392272284,-9.671792930706461
train:453,0.012284169167618403,0.06420079411799628
train:454,-1.1601343077783786,0.0837707187130273
train:455,-2.636979166323143,0.09797089041942479
train:456,-6.424328756340862,-0.39871042330091366
train:457,-4.405243903008193,-0.07504357481017881
train:458,-1.123617907733947,-0.00601799785353721
train:459,-1.2648827803340246,0.08916301200964177
train:460,-10.50482910855577,-12.813098370557062
train:461,5.129564544975462,0.3095959332339674
train:462,-2.5174310074437245,-0.536659467739435
train:463,3.152812429316527,0.6736041202566365
train:464,8.307141302080735,2.290328542464998
train:465,-35.737340746886325,-12.333895003313824
train:466,2.133975624830267,5.943990580517799
train:467,-7.960108752536273,-4.61398216923252
train:468,3.408903071645339,3.3419595511446087
train:469,-6.91918027918783,-7.6863265148126025
train:470,12.227556032731943,4.812234983863064
train:471,-12.642859124092647,-3.5121188627416244
train:472,-2.261644188034919,-0.18565820174306896
train:473,1.8412260855557498,0.04979847204381999
train:474,1.4809485897797363,0.44500543692836575
train:475,-2.5295039586093613,0.17834542013367993
train:476,3.0544860805642746,-0.23940594723452618
train:477,0.41300079779228643,-0.07721458701685324
train:478,-3.4673990362987244,-3.065247000191712
train:479,-2.58767058931774,0.2299230093833228
train:480,-0.19367034482050016,5.49512945563316
train:481,0.47594014486036323,0.46965237442989755
train:482,-4.348295353478726,-4.024753934844957
train:483,12.768414760656281,19.18500686849791
train:484,-1.0517990045756713,-3.478934531726081
train:485,-10.474316639940522,-3.595378279355825
train:486,-1.1646644539643756,0.2631390110986872
train:487,0.6425723716151097,1.1219781654707117
train:488,1.8998060270152939,5.0602411011237685
train:489,-0.0507125950858002,0.10328743082592598
train:490,-11.061429908509853,-5.393040298525118
train:491,1.4217412435297572,0.051690011723692246
train:492,-2.832527687186459,-1.123453908708292
train:493,-4.959398312441884,-1.5808863803797235
train:494,1.6672673562139164,8.555090842904704
train:495,-20.418175344461815,-6.726597599938988
train:496,1.0205129743182986,0.008358645274837956
train:497,5.086491427806532,0.552587237701334
train:498,0.48671353823388125,0.46029510924078065
train:499,2.0806999154967536,-0.13894163693357747
train:500,-0.16611056077291086,0.5876228780483276
train:501,-2.4131623286959547,-7.709262378558919
train:502,4.503965490150299,-0.6312812472273897
train:503,-6.618679652350409,-0.3353966998553004
train:504,-0.585244623314366,0.2388544320545712
train:505,0.2816986204528542,0.027116116556883632
train:506,-0.20718221249328622,-0.45981104960090063
train:507,2.5108067043527416,-0.005133215509878733
train:508,-0.9724135856972494,0.40687733820286776
train:509,-8.676885367851272,-3.8258214242966657
train:510,2.6697304996316693,-0.14139026707652394
train:511,19.709145459384583,9.038052466526747
train:512,3.0866687616357207,3.2841673716894757
train:513,23.631924755255618,7.999791058317677
train:514,17.519418590881973,3.470355992079912
train:515,5.6629246349858064,4.712452877555565
train:516,0.10904514413002561,-0.5161929199535149
train:517,15.838652530576558,7.2215478075718345
train:518,4.075654673658485,0.06940163660758245
train:519,4.324407771633798,11.536333136501305
train:520,1.881973225572736,6.91191906810733
train:521,1.7356058945991655,-0.1355779803552512
train:522,-0.0759360575897543,0.0783185078762102
train:523,-0.39452391141368726,-0.18277488411203358
train:524,-3.773510740139306,-3.9691224960181777
train:525,-11.617271034934799,-7.336616364811995
train:526,-4.564250453420651,-0.4880974070265007
train:527,1.420876963792507,0.09292183903168523
train:528,0.7415070635820971,-0.12449066752318905
train:529,1.6579541492765304,0.0005084488826265915
train:530,0.7199598119185805,2.8857334192825896
train:531,-2.168529785487318,-6.0355606197769776
train:532,4.484397620402513,0.05938370920732681
train:533,3.066626444619584,0.19790221993419035
train:534,-11.73977559771372,-2.4152783580494277
train:535,-1.0348488470713435,0.01693327326026084
train:536,-0.840891967779021,0.09342086654508694
train:537,0.29664243088558184,0.271343719603764
train:538,2.4114805527091727,0.17401652051485167
train:539,-1.0915621488616778,0.15770896332304252
train:540,0.4982044139659316,0.3437927280181245
train:541,0.6428854928647267,0.1479140147688266
train:542,0.8655326006269757,2.3280811579385596
train:543,-9.844016349664537,-8.026182226701222
train:544,0.02443848071734303,-0.17823755704978628
train:545,5.552941667776205,14.030044095409744
train:546,7.7862600353235045,5.530140130338403
train:547,0.9107654873060707,4.303941365529841
train:548,-0.1599253119163322,-0.5483382522897828
train:549,7.726777690975309,1.7473000127722742
train:550,2.7615236095416886,0.024799019680762882
train:551,0.171718442742136,-0.03662330674578809
train:552,-0.18774010265347596,-0.12574579732962363
train:553,-5.790272870735395,-4.9565729741705775
train:554,-0.6151805954937933,-4.26858265826706
train:555,1.3077641788361762,-0.15927765007834177
train:556,-0.9068991824728004,-0.049273040769038184
train:557,0.4839205524772745,-0.10624064074233544
train:558,5.276569276443799,8.105954667978374
train:559,4.335489985779488,-0.03653713961654437
train:560,-0.12901324758609412,-0.035190136248465786
train:561,27.45215091419193,11.340166533737415
train:562,0.1337476677175789,-0.15028174472097058
train:563,-5.300077021524158,-4.2415067778143625
train:564,0.031580295232551486,0.06642658807571308
train:565,26.12051853408317,14.37049327626799
train:566,11.835941074046033,13.023444256730214
train:567,-4.829655929894531,-1.9518569855739356
train:568,-0.9422107514580148,0.08392450706621399
train:569,0.9109640066432444,0.18629847496990576
train:570,20.028342237568854,13.77170477035867
train:571,-0.24468225958133655,-0.05912662291616666
train:572,-0.82884319227037,-0.0008853472311340232
train:573,0.1146439008464529,-0.98313416259429
train:574,-17.356506915110124,-4.924118781180646
train:575,2.046245652501582,1.4418674983732924
train:576,-2.2374494694731926,-0.06919819078098463
train:577,0.42956577199251933,-0.07485312262882055
train:578,-0.41043997843626157,-0.08201940309786218
train:579,2.565405101073279,0.012194651795094769
train:580,-10.43158616621772,-14.800402257683801
train:581,9.314591139668336,5.163439648509296
train:582,3.5068195965200304,0.7779230899787504
train:583,-1.6786814613452559,-0.43818381346477014
train:584,-0.08481480007611264,0.11054729678633168
train:585,3.7616242798637782,2.6629194891392602
train:586,-0.40398717014515495,-0.627012835792004
train:587,-12.231413617847469,-5.979888665280157
train:588,10.115347478522063,4.009898604880134
train:589,0.06268483498571681,-1.0327718501494685
train:590,-0.5043691471159403,0.04295431968377237
train:591,-0.0056941511333359895,0.16340769203955036
train:592,0.7539192875493793,3.0982378233300105
train:593,-0.9444000431646916,0.1808653806816295
train:594,4.147873869906471,0.025455544728411425
train:595,0.7204416978506193,-0.1900564345155602
train:596,4.547194819256677,11.622337061778405
train:597,0.6495168290843457,-0.1757977718770602
train:598,7.406129908455399,0.4556947261005106
train:599,3.2253405625658065,-0.13844004152559566
train:600,-6.040656895724303,-0.36747027380413516
train:601,21.761800072108272,6.278444012853103
train:602,-0.33180051805080296,0.2233668891986777
train:603,-0.7683315228343467,-0.08724050342246922
train:604,-7.933399300731519,-0.4902082163713524
train:605,-1.3381694248212406,0.22083665707240768
train:606,2.914774029009069,0.013408409966627552
train:607,0.3112417382062586,-0.02350079479817746
train:608,6.864751403905863,7.168493964260247
train:609,-1.3881442271432007,0.08083504456471963
train:610,-0.6461551910906588,0.122374448579086
train:611,16.096753704225296,12.14379313708604
train:612,0.06517608994647875,-0.02701823972969042
train:613,-2.002680129398374,-9.249843911664632
train:614,0.7295489467871437,0.027927143261768914
train:615,-1.5895520904102645,0.15428225066669352
train:616,5.782878665952702,5.602780732220602
train:617,1.6868542875374022,0.03369121062925956
train:618,-1.2720494678809398,-3.108088897401435
train:619,-6.593911691768225,-6.487875848193487
train:620,9.204198581039414,13.767391848750563
train:621,3.844218319832374,-0.1447096988037483
train:622,17.38013705198771,8.488347268264922
train:623,-1.0582711069007185,0.04524916147353216
train:624,5.638402615221807,4.716766369806913
train:625,0.6892932234900466,-0.012338442380052064
train:626,7.918314912444867,0.0030734902465381353
train:627,-0.34049259657024034,-0.2832644453763534
train:628,7.653737917139239,-0.12700406567387837
train:629,-6.679315919403206,-0.6189111283917517
train:630,3.601354318915561,6.79464617584983
train:631,-7.491693310603524,-5.049748173045069
train:632,-3.920152836752852,-4.751895227481717
train:633,-0.7384552924226636,-0.11711424768100828
train:634,2.2793538459915728,3.5845662420681985
train:635,1.4345157536644697,0.4110036594714872
train:636,12.781541212566731,4.4342705751191085
train:637,-5.651134061200646,-13.296804112964097
train:638,1.1192856428918314,-0.2272314163694068
train:639,-4.960793991716346,-0.11071591035223005
train:640,-0.0032233524977160755,0.43080940238545845
train:641,2.011634015277761,-0.20993065461833443
train:642,1.4374967981374387,0.14527236454994172
train:643,0.33753392746976324,-0.12855336207054574
train:644,0.2403675453363596,-0.1250364877822728
train:645,0.06407865459425732,0.2606297501114881
train:646,4.548139994461534,0.5240319646488723
train:647,-0.2204862624992886,-0.005295563511665796
train:648,-2.6024168102462553,0.039261972599191806
train:649,-7.705122519306889,-6.283809831057933
train:650,10.833384947332181,19.535297362673624
train:651,0.7058572678573185,-0.09355609748144386
train:652,0.9292947336364182,-0.13114265577215833
train:653,-4.117787437864175,-9.762968025024666
train:654,11.235003049012539,10.31028901601079
train:655,1.5131596307564927,8.271320801861924
train:656,-2.4843689368494117,0.11918426754572727
train:657,3.3415901390160743,3.3435379503465175
train:658,1.7250169568392861,-0.0428595813943993
train:659,-0.1339778582231187,-0.0038144589821813984
train:660,5.791196486705336,1.305351802758106
train:661,-1.7303973758866902,0.11843843683101483
train:662,-3.076947763563507,-0.1532622143636202
train:663,15.00108317496384,8.386762499962185
train:664,-0.2270034617229446,0.004844196220335134
train:665,27.59610393388226,9.235370627349006
train:666,-9.239426870593192,-3.7167492460415628
train:667,-6.813414569372849,-0.589989787700814
train:668,-1.0955946019552987,0.2732730643982879
train:669,1.9264038988647276,-0.11538434269887307
train:670,0.5889105491445406,-0.5799006725563653
train:671,1.838231093588366,0.15607121722417133
train:672,3.157182876691472,0.3273664770323902
train:673,0.5776128462101381,-0.03938778792208833
train:674,-6.567555576488651,-9.46779082561379
train:675,4.384900844410601,4.191609102444476
train:676,-13.831253526058083,-6.678611639242061
train:677,-0.49372488429488126,0.027336955490773238
train:678,10.747801261935725,2.3760388717951053
train:679,-5.57169796642585,-0.5869408408693615
train:680,-2.2436486658241863,-9.749949370146739
train:681,1.164378822168536,2.1723720196059486
train:682,2.0091483393147653,0.1883111336774733
train:683,3.312713246579227,0.9405231734170911
train:684,3.3732198019339648,2.195418017497591
train:685,0.2530973072598237,-0.06520868122916115
train:686,-1.951099273094525,-0.2668153686610181
train:687,1.3570906551260782,0.15605794976884074
train:688,1.4192316243680154,-0.09573096152998842
train:689,0.7171719402432593,0.8496342566837587
train:690,5.164936785561381,0.2646600606549734
train:691,10.064443773072064,0.9632959758575714
train:692,2.9149383769849257,1.7073186074639857
train:693,-1.0994729352356343,-0.11855540718369095
train:694,-1.899133001028341,0.15020757261129633
train:695,-13.53522911509492,-9.221848154309015
train:696,0.7421560869888757,0.1397414049460012
train:697,-2.905610698255216,-10.722309473138303
train:698,-3.0194096999367654,-6.474566165263148
train:699,-0.5437833715833313,-0.23006779859395016
train:700,17.273615387975436,4.434484851655737
train:701,22.286895341844758,6.372794166158806
train:702,0.5574357034146566,0.15695186240433961
train:703,-0.2519706390170228,0.26965204771871043
train:704,0.6042681352449136,1.6857244686357766
train:705,-7.204022518961994,-2.7384875506616626
train:706,-7.811427532239251,-2.9020008059448528
train:707,-1.638682836861876,-1.7595579173693132
train:708,-6.162671436532777,-8.18805317073962
train:709,-0.240119917929065,-0.42378020744330386
train:710,7.434543279161187,6.824814942663462
train:711,13.649989390981332,19.725924160863354
train:712,-8.056648659712202,-4.515612690265702
train:713,1.2965248229200768,0.3248021489725287
train:714,7.381831978435001,3.2692205133035057
train:715,-0.3683262164248444,0.042160840258517865
train:716,0.5907076837999152,-0.03932244927110548
train:717,-1.8675572684221886,0.9537444066452261
train:718,-1.9171643218080727,-0.6811143800922765
train:719,-12.08573482818152,-6.391629447401182
train:720,-2.2401655115522767,0.1326905370722546
train:721,13.952526352003344,12.177235113524455
train:722,1.077355755348452,-0.15727355101937465
train:723,-9.643636416735859,-2.2226146488144294
train:724,-2.3479273402762866,0.12058719395132828
train:725,0.36793365383848975,3.895546264725082
train:726,-10.236603913627654,-1.6748542027146098
train:727,-11.570280996417653,-3.8471363759196926
train:728,-6.5506679502509515,-0.26330020630246526
train:729,-0.34393971981491134,0.003977103817117425
train:730,3.626761772116673,9.41391633750417
train:731,-9.674399010417616,-10.995630465812988
train:732,-0.6121463180838068,-0.11713250826468907
train:733,-7.159881488637355,-4.078467441742013
train:734,-4.119502049844261,0.04965795114596388
train:735,-0.8383209796418531,0.16174712021107812
train:736,2.01834857154739,0.007677011924628316
train:737,-15.112077043678863,-11.270729582823591
train:738,3.87197918025778,12.508003902458919
train:739,1.064883440926065,0.24376652906470478
train:740,-1.3598554540541867,-2.0860436008049605
train:741,-15.152690287749463,-5.545040255797567
train:742,0.8679947983077063,2.20573938444073
train:743,0.4114507662462978,-0.0017316111560908148
train:744,3.746087468460172,-0.16876915908967455
train:745,-11.665031904976615,-9.039905975589223
train:746,1.257022729237871,-0.1902330485983479
train:747,-0.9842652366181682,0.09780340662847752
train:748,-1.7666015845144658,-3.6012171009877587
train:749,5.43847737061106,-0.008101986966107838
train:750,-40.9737471374093,-14.14795046148255
train:751,-0.5626673491883006,-2.520608257936448
train:752,-0.4158762468427539,0.05172310903161369
train:753,-5.321759331425261,-0.1583209666864402
train:754,25.6167833871268,8.794039710659735
train:755,3.4574301240470207,0.06830514562187476
train:756,3.3551150243503143,0.275045482301805
train:757,-7.195573126845378,-4.504414957966695
train:758,-0.7914016084297426,0.0602065767594426
train:759,0.1123235026922749,-0.05264753956892493
train:760,-2.5402365555617155,0.027555939834132764
train:761,-0.27679683038838926,0.04189606179514635
train:762,-4.050111870380119,-0.21461891681756834
train:763,4.086904722653636,8.877081997521106
train:764,-1.0301213438393741,-2.1322631353523906
train:765,-1.300015124016006,0.24235361640240335
train:766,0.13236233283480753,-0.10316430303536167
train:767,1.574089027650246,0.1633696729336837
train:768,0.44923964269785904,-0.016354629503346707
train:769,1.3490362095596473,6.800102095867707
train:770,-22.04026150626438,-15.458245491216807
train:771,-0.394389899238183,0.1282109876380598
train:772,-10.332995977362783,-2.6929801788777836
train:773,3.689233994350967,-0.3507418672228077
train:774,1.1678345463680961,7.320466530657176
train:775,-0.2207717212183159,-0.0056788931081524635
train:776,-10.102771195884857,-4.12670705335913
train:777,4.780759095814038,2.3175125598116804
train:778,-12.437707288408113,-1.3493578719963555
train:779,-3.279897289879911,-1.8457144897131197
train:780,-25.206476634419182,-6.979048457396246
train:781,-0.6466684588851314,0.1787859567149791
train:782,-0.44269937072699017,-0.11621947908064939
train:783,-8.071039684449614,-13.626886988724051
train:784,-3.365685073611305,-1.171517476885862
train:785,-1.6761730044747156,-4.922655651913223
train:786,-0.9835543793194829,0.1184789525010566
train:787,8.699664707569543,1.7057069682933457
train:788,-4.471441501000738,-7.050492991047353
train:789,1.780053072426215,4.281219207676912
train:790,-8.81290319305242,-2.1622531481710845
train:791,14.50570071749614,8.404540319461917
train:792,7.8506398098772925,0.5409073118645061
train:793,0.11936814966305875,0.05544256167009543
train:794,0.12850980241914012,0.2316176771453865
train:795,-0.9411484173000711,0.04960916114894176
train:796,-1.6066061567479841,-1.6325113330182885
train:797,-12.026440310091447,-6.1680810994079405
train:798,-15.641987918320373,-8.807687844850285
train:799,10.83682160995604,0.6656228185800295
train:800,4.094512615940546,5.394114189283967
train:801,-5.109804372881562,-4.9826062894237495
train:802,-4.8891103792538955,0.24919705545840093
train:803,7.6392804093451145,11.447077686042544
train:804,7.307107347273597,3.9659299725929826
train:805,4.092219647858718,0.2195816699267831
train:806,1.1948043514019302,0.044326574015222046
train:807,-6.371603508120261,-0.4315055756267598
train:808,9.143503734510073,5.922212551905492
train:809,-8.339951096102949,-12.048141977011959
train:810,7.119882226160681,0.3459245085020472
train:811,-2.5115144803128753,-0.0885989196553483
train:812,-0.12943899485311244,0.10126706843461813
train:813,-1.695250387335573,0.9340094234930179
train:814,8.046484017622207,3.6012800972469057
train:815,-14.7738633217762,-7.222342202780825
train:816,-6.317747118102602,-0.47889920864054064
train:817,-2.8128380093207825,-0.1525335029461085
train:818,-1.3933973184563757,0.18673672897824484
train:819,4.931406447907096,4.380551932432892
train:820,2.3286775327825917,0.3370647015574219
train:821,-4.261562859458955,-5.138386187518123
train:822,8.444096398906572,9.055038233209325
train:823,-0.4193889233111755,-0.008087150241867194
train:824,-9.881351932547611,-15.754310040865922
train:825,-0.5235464870201054,-6.53576137568017
train:826,2.1501816835075536,0.3924944179988523
train:827,-0.9435501758383368,0.14345001536292248
train:828,-1.85863180182954,0.028449139165581602
train:829,10.571308737775164,4.540188522864974
train:830,0.5619911875488408,-0.12443046466136645
train:831,3.0520903659402556,0.06980936120258018
train:832,-0.44778764914782787,0.05424306957956327
train:833,0.3038100482654581,0.5831791364774443
train:834,-0.6725550085193993,-0.09152460754695552
train:835,1.0579550230754062,-0.08051561549958677
train:836,1.4671793908349935,-0.33861455708580035
train:837,-0.27775990487774604,-0.1594224508004981
train:838,5.4840377909506675,0.6662418238346464
train:839,3.478185855402485,-0.6558756855508392
train:840,5.882190405185375,0.2831981196112295
train:841,31.638180798649724,13.465252231168146
train:842,2.3159392861333585,-0.38873800469905
train:843,-6.8704523828665724,-8.321581976975706
train:844,-1.7322914456282494,0.09855694102693027
train:845,2.577390647940582,-0.40921867590516064
train:846,1.046061064754762,0.3105546138772091
train:847,-0.5769351710583805,0.26072889937444244
train:848,-3.535591125992616,-1.2850145654849274
train:849,-3.9151996165696006,-0.014454387514064082
train:850,-0.6031731975519069,0.2799721307145592
train:851,1.1922593985876704,-0.16816598918496828
train:852,-0.18071905019407752,-0.11169541947373265
train:853,-0.1387125676605358,0.11090023963028703
train:854,0.032737704810757495,-0.6047604599864262
train:855,2.2385290649223433,0.30217400459339466
train:856,-16.269506148377044,-12.55271386013374
train:857,2.082068397157107,0.6409324408618509
train:858,-1.660369098553062,-0.0327894401376814
train:859,8.820581115651073,16.351683291721105
train:860,-15.691901351666907,-7.890643044330527
train:861,-0.510172699542028,-0.04757651841644442
train:862,8.311998749469003,17.626850664885914
train:863,1.926421100774506,0.14693735886352413
train:864,4.515448927218661,0.4851671655005022
train:865,-12.46760513743614,-4.488687174306751
train:866,-4.270552019609432,-0.32858607278560426
train:867,0.8802595275215498,0.02385374915366177
train:868,0.37907700450136605,-0.22126191743550722
train:869,-7.5978616380906185,-2.032305698909394
train:870,-0.2962371967913976,-0.04419032143013715
train:871,-1.3976657166638509,0.26324001495217164
train:872,0.09799849609509342,-0.0642253202657884
train:873,0.2270067755197362,-0.25657831425659294
train:874,-2.5752545297894938,-2.021679465815272
train:875,8.686742818910512,1.4377033719900214
train:876,0.2545319232895281,-0.280219350386771
train:877,0.15473318404353067,0.05787521380232121
train:878,-5.977940127421266,-8.762371353230195
train:879,-4.150307880758705,0.05465507399886119
train:880,7.0035280435023015,1.4164315039316162
train:881,9.833811724757219,18.77865752370864
train:882,-6.692912866791924,-1.7092682699124064
train:883,-4.395656395347312,-13.124142305256829
train:884,-0.801103485544827,0.06526461577821255
train:885,-0.5765892731968882,-0.07279980559040125
train:886,1.069435903103126,-0.04997635856236876
train:887,1.3926095768615956,-0.028780100733267033
train:888,-2.088465123630885,-2.6475170319450068
train:889,-0.20148210398410982,0.0007749392757181728
train:890,-0.1994174098942071,0.08313901664631983
train:891,0.8348741482368506,0.8372798305372215
train:892,-14.913334546594507,-5.905727299163292
train:893,-3.0410510971875833,-2.152605568233605
train:894,-1.3272043696286362,0.14224767005619018
train:895,3.3095683190468814,6.405409280542424
train:896,-20.406147025278308,-5.945140486465326
train:897,-1.6158310295540748,-0.14793640100446862
train:898,0.46201299054137007,0.23231657245360687
train:899,1.2692528221739172,5.0059369784732874
train:900,0.3952098388329737,0.6502489763897108
train:901,0.7738327064712969,0.3291679977411485
train:902,4.831572607466821,1.1176884975746353
train:903,-0.6105123691130878,0.004525777292401292
train:904,-2.996853811968803,0.1268177621675392
train:905,0.5579719845749139,0.1642024554120949
train:906,-0.4635248395545296,0.12589417608355905
train:907,-0.8591464484693926,-2.1298403268160553
train:908,-0.10870685800903346,-0.14598037863847355
train:909,-15.996302627775727,-7.0696683158419065
train:910,0.7732692276969303,0.04719491226120678
train:911,0.4572104032977999,4.371523785732459
train:912,0.9728062670464601,-0.11273085163275767
train:913,0.2236100957131995,-0.006101739749010862
train:914,-1.1340004225764844,0.06605481400483691
train:915,6.998206609466492,6.726545611585268
train:916,1.9148872202680094,3.769737690883291
train:917,5.501746924609412,12.490043477122377
train:918,-10.771335042338993,-8.369398456630346
train:919,-0.2725920095096226,0.14295697960354103
train:920,-0.4177868211193708,0.047470675606948766
train:921,1.0436865038306058,-0.011589758449139509
train:922,1.3984442786918772,-0.531094412201903
train:923,-0.042772402744452265,0.07133697315612661
train:924,-1.2406875968558175,-0.0488527620227599
train:925,-0.6878565721838721,-0.11627311954521172
train:926,-1.422840944082953,0.16298170686087182
train:927,31.28078276309569,17.58651988325392
train:928,3.8060819183116386,0.894161976685325
train:929,-1.098125142358663,-1.774867419534319
train:930,13.407480586255621,3.1284356929488837
train:931,-1.4720479368373667,-2.646866498651378
train:932,1.958142119780815,2.578260855300519
train:933,0.3030038830882702,-0.02619251896137452
train:934,-0.08584156812329799,-0.21725329133514287
train:935,-0.40510203986539506,-0.18419478715402532
train:936,24.970151510723795,7.472925855737846
train:937,0.7935200597545712,-0.031097197609387797
train:938,0.3072057982390337,0.5753352171608732
train:939,-2.892528878326893,-0.16472244255303858
train:940,31.318972862469924,10.570828741395399
train:941,0.215282046797994,-0.2672637515868676
train:942,-0.38495418680818505,0.0132300839541198
train:943,6.679363632723885,0.16092824716164253
train:944,0.02414139908630321,0.04407135382612094
train:945,5.498600834785865,4.296916176601895
train:946,0.5315443883864635,0.40266656173472465
train:947,-10.416097938586326,-5.175033467035758
train:948,-3.480472022813918,-0.04799793844920272
train:949,0.7125785654159142,-0.07374792933370247
train:950,-3.8821417302236116,-0.1735996541164846
train:951,-6.190369300775075,-4.538201032278844
train:952,-0.903163578551979,0.2919282478795591
train:953,-0.030905642037917208,-0.5197866884183813
train:954,-0.3209857471105204,-0.01421086551138348
train:955,28.907577535396516,17.84974505572609
train:956,-1.1706879118857398,-0.3841875528422821
train:957,6.847193833019761,12.14930897464412
train:958,6.175064542076666,2.819496861161569
train:959,-0.5825457831450607,-0.761702901021541
train:960,6.442921523152225,0.2983522641541385
train:961,5.173093280295283,9.26120535875465
train:962,-4.240601170102629,0.008194157360900803
train:963,0.40995443255380687,-2.7174704748099288
train:964,-0.18431436556690806,0.022181193817149045
train:965,-26.20138302536288,-9.89894203754426
train:966,13.747103005094198,5.024993609473916
train:967,0.6428018078982367,0.36004136629540107
train:968,-2.7541111542534003,0.049925012182295496
train:969,0.9614813664979485,0.0242751691864201
train:970,-25.659718132261354,-17.27406994342961
train:971,1.3512069046071042,-0.07363408600731752
train:972,-0.2075211366075711,-0.7475443862716653
train:973,-0.5453013238921655,0.030989500209362073
train:974,-6.770572515694727,-1.457289334414649
train:975,-6.921193367548397,-0.2414362958825345
train:976,-30.664060531709534,-8.77766116820342
train:977,7.103223338831388,6.873549016648061
train:978,-3.75404468710075,0.05803642051762822
train:979,-0.42349204370983273,-0.1270835277450518
train:980,-1.2784239377450821,0.15148923732839206
train:981,-3.456117372982899,-5.608017585053186
train:982,-7.47059447088545,-9.726458270527878
train:983,-0.36783456724671515,-3.253497354608358
train:984,0.8854440436538511,0.43539708871363797
train:985,-0.9749622578433531,-2.0710567973921887
train:986,1.8726846592088164,0.06916952746970235
train:987,7.26362882293367,13.114416202054969
train:988,1.2341855667992059,-0.21323510696050818
train:989,1.345609310181878,3.5415283289055273
train:990,-4.577361098170765,-11.468761047695883
train:991,-0.6507241578027775,0.028972846999114385
train:992,-10.943640528676168,-0.44188500551957116
train:993,1.7861455704449334,-0.02810360317221762
train:994,-0.3736941421087032,0.12542253944567855
train:995,0.6407671009213263,0.6646598581124876
train:996,0.19739670979313972,-0.25225754630393504
train:997,1.1611871705299,0.3951527595325079
train:998,-4.251569944627077,-0.35541857389643106
train:999,0.22215211763034992,0.028655997340090597
train:1000,-17.968876306566166,-11.107196925670241
train:1001,-0.1947036216984125,-1.7468759420030018
train:1002,4.057764687488826,0.11053331602695107
train:1003,14.449244979436003,4.181543241012058
train:1004,5.739883654752496,0.09202992364752645
train:1005,-5.4731700763793,-7.282087979368184
train:1006,-0.27295371453145195,0.1994965971468197
train:1007,-9.608805803849723,-4.511759136465814
train:1008,-0.13161329300329316,-0.285992262724482
train:1009,-3.327032382338974,-6.197749982743311
train:1010,-9.535164893004366,-4.135948049988092
train:1011,-1.3634046264663273,0.24175615293009736
train:1012,1.851632311138793,8.989215106115703
train:1013,10.8216802100191,1.635555084241705
train:1014,-2.6897113882909514,-6.141559884184547
train:1015,0.5432022853641337,-0.126006866611935
train:1016,-19.435483239293827,-7.338179927289663
train:1017,-2.3250567038510255,-4.720577755825915
train:1018,4.2975044496566746,2.676432321063048
train:1019,1.5655994202580663,3.1748007415225197
train:1020,-0.8747880985393516,0.13769308103593214
train:1021,5.132128559365422,0.5404801853993475
train:1022,-4.840427114914767,-1.8755636963123379
train:1023,2.7461499838227383,4.81121866825258
train:1024,-1.5867012225518353,-2.4901110859381816
train:1025,1.8225113375496829,3.3226352884644084
train:1026,4.839056832969918,-0.04480233630506378
train:1027,-0.1830593235277969,-0.09838259800557372
train:1028,1.3031033911191585,0.3448233810400143
train:1029,-9.673227420886755,-4.070398546328062
train:1030,2.2324514442310006,6.2946793836750485
train:1031,1.5022847693611059,3.1497243949828695
train:1032,4.019105487385767,1.7779308579495163
train:1033,-2.3978612299479627,0.24741664854952353
train:1034,-1.7239294578099673,-0.9919554511202135
train:1035,8.122988813987448,8.84682592229175
train:1036,0.948137333674623,-0.2251187524340249
train:1037,7.395944983117074,7.290959710001973
train:1038,-5.144780969542576,-1.1753961389883107
train:1039,-6.792701610333591,-11.682824163753432
train:1040,4.6155440507209775,0.2352257116912534
train:1041,-0.6364265812779455,0.18421562714381517
train:1042,11.894870167782432,10.685691236607035
train:1043,7.623826120616798,6.694296279518507
train:1044,-0.6063618272334196,0.059808553099525284
train:1045,0.9907397229070463,1.7242635731549025
train:1046,-4.824599498252607,0.06803380476124296
train:1047,1.81781800567903,2.9121382232850177
train:1048,-1.9069770718873458,0.2013477638174602
train:1049,0.24624653046140857,0.9033230832606833
train:1050,31.37261306632415,17.501011276309164
train:1051,0.6529581408730104,-0.0482844013556952
train:1052,-1.2560577357011642,-0.13836614322601243
train:1053,1.9066742381817279,0.11759417015739812
train:1054,0.07090560442304682,0.16611425292698806
train:1055,-0.9089520211924503,0.19641826218850583
train:1056,-3.1705666004924518,1.2547297556138846
train:1057,-3.562992838436835,-3.9446070917834715
train:1058,-15.830639868111945,-5.363500380561993
train:1059,-0.11260099844970561,0.002237497899901783
train:1060,-0.6045130868487093,0.1827077023820496
train:1061,3.2519054253451247,4.32599501482708
train:1062,-0.01863847201255109,0.1119433754730524
train:1063,-0.9607623137794264,-0.011710449494404751
train:1064,4.5355151874335435,0.09997099497571177
train:1065,-8.185225031726459,-4.14049151146517
train:1066,-1.6861333751529584,-0.31440416166288754
train:1067,-2.366509587085411,0.07726510045512439
train:1068,-4.274052840707601,0.02947372910304616
train:1069,-9.22441564727079,-7.352328455782838
train:1070,0.04067150455049855,0.07478965007989674
train:1071,1.1093833867736511,-0.12478797265124197
train:1072,3.9255773091705204,12.550286283971797
train:1073,-0.5286043134114704,-0.09367136741592885
train:1074,-0.7720120341522289,-0.636282507243777
train:1075,9.32241568403516,2.809711470881624
train:1076,-0.5239607276042314,0.18830314467211295
train:1077,11.494812325810635,6.599543252085346
train:1078,-0.8320845899724195,-2.6433576133684658
train:1079,0.26158284663279874,2.313283808081476
train:1080,6.755210572269217,0.18696241837967464
train:1081,0.03623224953643951,-0.17714049542083854
train:1082,4.674889244707425,-0.060761230477217765
train:1083,1.3113568209392437,1.2750338127372076
train:1084,4.249180565756972,9.293357110827367
train:1085,0.29296889331490716,-0.8502009652399793
train:1086,1.1281139419400552,-0.1196439091640383
train:1087,-0.6950639399228311,0.04236769843302686
train:1088,6.458671498762141,6.779974938148793
train:1089,0.553882114295951,1.885337185926177
train:1090,1.6932733893836729,-1.1690649949010454
train:1091,-0.0995634618161502,0.09483777371006855
train:1092,3.3748581676112486,0.07604050006203114
train:1093,-2.2314771523646835,0.16071054676557306
train:1094,0.06829219265703336,0.12268516382327951
train:1095,6.394221056903317,-0.02297694430383468
train:1096,-0.2180484729337842,-0.2692337547122433
train:1097,-2.6320166478102807,-1.2267955448862558
train:1098,-0.7113216043294531,-0.06970092747544651
train:1099,10.348558883470725,4.511688031563555
train:1100,-3.3699976388844277,-0.05767604780002358
train:1101,0.018804622806637944,0.047514615136430675
train:1102,24.230990096705657,11.30165724532758
train:1103,-1.0782171862053915,0.06768828027940794
train:1104,3.7194914562766606,0.17287081154969186
train:1105,0.15610003849620213,2.2323567530500674
train:1106,-4.704809117886848,0.18658779109259835
train:1107,-0.9047431322944793,0.267710434094526
train:1108,1.1747711002571637,-0.05328922789233284
train:1109,1.95134713296006,-0.007277122162651972
train:1110,15.346287381067306,3.1390553636457454
train:1111,-9.874036936643416,-15.99575147829338
train:1112,-9.574271807678146,-7.369062568796566
train:1113,-14.871705924930493,-6.387701139336851
train:1114,-0.5780723567696848,2.5582894831861305
train:1115,-0.8497874472586773,-3.0626759670737798
train:1116,-0.30456826766372636,-0.23825966762612638
train:1117,0.8632900759832814,-0.23279105079615858
train:1118,-3.5889258797191532,0.14763939270956467
train:1119,3.969209255949012,0.2142300349610204
train:1120,-0.07791102279892045,-0.04174326055610075
train:1121,-2.548784974888678,-0.5295840622063672
train:1122,-0.7015811391464871,-0.00921160274633609
train:1123,-3.536597205256419,0.06705315435326031
train:1124,2.3076749307759816,-0.2129523532350759
train:1125,20.361557177473173,5.6179090551568995
train:1126,17.150059184117623,2.897140862972306
train:1127,-0.032114889803699004,-1.427557537662066
train:1128,0.4138283491275773,0.7516184338649465
train:1129,-8.511880000090917,0.10167950083634607
train:1130,-0.14496092892934243,0.004479127207529257
train:1131,3.3550927083592503,0.12732620529440133
train:1132,1.3336739742944692,-0.0307984658732348
train:1133,1.3731346904099104,0.029540779683749074
train:1134,-1.5398936637532854,-0.0999798284344032
train:1135,-0.4519137829122699,-2.20699029424174
train:1136,13.989334719597531,3.304542188574562
train:1137,4.794568045117864,10.510183060418521
train:1138,8.133522891602627,0.7122206539303932
train:1139,0.008183605809603978,0.06332770996075832
train:1140,-2.1763957074209057,-0.9991395641905061
train:1141,1.2378244680920831,-0.08297551584652374
train:1142,1.8385086487272244,0.608101052690263
train:1143,0.13077801369838193,-0.017719465472676055
train:1144,-4.193844984575174,0.07615548467489613
train:1145,3.027864033057855,3.196274331966274
train:1146,5.739047734920556,0.1647173182754073
train:1147,-12.419375631581978,-20.251051814596185
train:1148,2.9417098951398266,2.0079227667483073
train:1149,0.29300166992678245,0.14697259608359567
train:1150,5.133883154162831,0.13383096758744417
train:1151,-6.943984503255493,-2.5754867330080145
train:1152,-9.446277511097474,-4.607967018839418
train:1153,3.34088950987996,0.6542832814358763
train:1154,0.5087903297686878,-0.11756448519738788
train:1155,-2.4371520190897806,-7.703804746611322
train:1156,2.941208715173847,0.5159716288835218
train:1157,0.7022113928172335,-0.09127552177268469
train:1158,5.174068675071372,0.10409046852545091
train:1159,0.7310366795247452,-0.13079285146602312
train:1160,-9.352030572003374,-2.6978257959504544
train:1161,-2.3165489647161066,-0.7402287399345473
train:1162,-0.6926593918856825,0.20546780801043935
train:1163,3.9906391162012023,4.648472357483983
train:1164,-22.876973555887055,-10.326673384537258
train:1165,0.26767999381632257,-0.07701086738016438
train:1166,18.470105845532306,21.439396900258828
train:1167,-1.7584432301146427,0.2252474439961795
train:1168,0.15536221604164785,0.09317106746676607
train:1169,12.635410524081735,5.437808912815908
train:1170,-0.3696140350758308,-0.7767008319774933
train:1171,-5.252957736225433,0.13673868021699065
train:1172,-1.2417380756435086,-0.793389721514449
train:1173,-1.9858138893187767,-0.5061765618221694
train:1174,-1.4436522329578372,0.07503160281366728
train:1175,-4.385782499134443,0.03234149670579087
train:1176,-0.5863773923191055,-1.0350190432286863
train:1177,2.0691416268750307,5.900626259421833
train:1178,3.5350209653107103,-0.13070297515571921
train:1179,6.863660709842608,5.243746842321229
train:1180,-16.685379519182508,-7.978815413919721
train:1181,-1.2440872986194775,0.06283553016623691
train:1182,8.730407774759119,1.3566611896849372
train:1183,-1.1298556921528222,0.14476905721223984
train:1184,1.8505518452381096,-0.17590362619808475
train:1185,7.013361956897848,10.593484419310865
train:1186,-0.03462032471711621,-0.3497610741540151
train:1187,-2.374605410218607,-0.11076156181143204
train:1188,0.8608622821221078,-0.011881357144792187
train:1189,-2.2738842766752962,-6.4224761383839635
train:1190,9.654881178572913,5.457670721428211
train:1191,3.942499804144258,0.05291190156139538
train:1192,0.4704647072403887,2.0293465685693692
train:1193,4.580800377216694,-0.113037572374271
train:1194,2.0983434959317475,0.09810470625921061
train:1195,2.331154142874218,6.996177395713194
train:1196,0.5995211055207632,-0.02356114032081008
train:1197,-6.169011502577362,-0.28943309880102164
train:1198,-2.8992018245715165,0.2089963804851328
train:1199,3.4833991963565776,7.738296646792505
train:1200,-1.025059333199685,1.7082972606206281
train:1201,1.4680459951546463,0.02928199297439782
train:1202,0.8737130385596222,-0.07562391898528406
train:1203,16.083477549208123,22.831565539498886
train:1204,-28.078857108233976,-12.84500988182573
train:1205,-6.786569361955789,-6.538349813416922
train:1206,0.5962113650960802,1.166428991295685
train:1207,0.638157524716277,-0.022129253770777818
train:1208,12.08494755150322,1.1715302565398866
train:1209,-1.9280577798626797,-8.462248388858024
train:1210,-3.233057419385966,0.1474008638352343
train:1211,13.643320628985032,4.444462834029191
train:1212,0.03302432582098605,0.10847400723451153
train:1213,-4.954799358616773,0.007089392048212767
train:1214,3.9375205486380978,0.7606522869977794
train:1215,-0.714901461229307,0.053989418659372235
train:1216,-8.045960229825495,-1.9084082092784462
train:1217,-1.5999843513162153,-0.18408208511412044
train:1218,-6.320551959229462,-0.5170262017447611
train:1219,4.078701736271685,0.023385536375221408
train:1220,7.40318652221735,6.422959413389387
train:1221,1.7961642881414792,5.4339194084918985
train:1222,-13.479709718826511,-5.571820543051932
train:1223,-0.9617451472192043,0.12920704541352312
train:1224,1.7410579701659947,1.8034845475594474
train:1225,-1.9775816131985544,0.14042018508001072
train:1226,1.8476312399076056,0.3061940435585595
train:1227,-1.4155963830255542,0.02271246267361214
train:1228,-8.911993632040376,0.060919024844613576
train:1229,0.16651742207477688,2.4703681966225473
train:1230,-6.19409886078165,-13.720885625793898
train:1231,-0.6444531318555464,0.04813347773023759
train:1232,4.7335868100365355,7.5793833466671545
train:1233,0.02802170826168053,-0.01386277313496835
train:1234,2.6824138861362035,-0.43918714694154376
train:1235,0.9954476996468347,2.5020557304195052
train:1236,0.3333169025333834,-0.029011781888717114
train:1237,3.837604417980774,2.127750428791398
train:1238,0.4945927102871635,0.08386687209897148
train:1239,-0.1208104936623835,-0.21303309925353936
train:1240,12.765804719534751,10.287146008768344
train:1241,0.9681938306434147,-0.08904516266904769
train:1242,-0.07293502170812358,0.08908055406145819
train:1243,0.49390951551906803,0.22422285405871492
train:1244,-0.23138297496925936,-0.10985837622328276
train:1245,-4.627327067079595,-0.004385387543826225
train:1246,7.755399809180842,3.146081979181791
train:1247,2.1460980896010775,-0.2658805123730475
train:1248,-0.5737958225238009,-0.14186561289546462
train:1249,-0.7784385746621874,0.19989747402293712
train:1250,0.7195490582080583,-0.8938436175762672
train:1251,-5.003987522253726,-1.8005001432329937
train:1252,-2.874610532251923,0.02053802660749758
train:1253,-3.1833104261394514,-0.03082614207037601
train:1254,-7.5215093343309825,-6.937402913739235
train:1255,0.2708769919944843,1.3636378739374806
train:1256,0.49980116961821064,0.23173822552984175
train:1257,-0.5118935878946006,-0.1655628573847851
train:1258,3.1077778295163654,0.047123011212963646
train:1259,7.392474381590138,0.727990379868479
train:1260,-1.0602769890558381,-0.09397223906423194
train:1261,-14.02370942249311,-3.5239771145909597
train:1262,-3.9343318595751566,0.13219978388583326
train:1263,0.9428591368715008,-0.31427334170011184
train:1264,-15.933992661393127,-5.289307058423686
train:1265,-4.309903015435475,-5.331649928120008
train:1266,-2.2525046274030003,-0.5131889112772143
train:1267,-9.64802150897994,-8.17287520184144
train:1268,8.56253852147888,5.360491889581705
train:1269,-0.10731420069169417,-0.7133211992376571
train:1270,-17.55115442783423,-11.438740648124657
train:1271,-1.8742883292268746,0.03132432513044663
train:1272,-14.027683528568428,-9.242025528633052
train:1273,1.0181035446581046,-0.16385820336602097
train:1274,-0.8968646576159179,0.10932840282563869
train:1275,-31.373694170218126,-11.584299184503708
train:1276,0.16854945578192446,-0.48284035617777205
train:1277,6.096660561888581,1.1296099481628037
train:1278,1.5106700030034128,-0.1924953637234263
train:1279,7.416120498704874,3.3360551055400722
train:1280,14.55317612881893,10.928475968221512
train:1281,6.2767533992741384,0.3952888579452538
train:1282,7.565650656495289,2.021646879331714
train:1283,-16.784075708994997,-8.925484016958888
train:1284,-1.2142910338424406,0.045430340702240044
train:1285,-4.448251466953373,-10.641546335377592
train:1286,7.948625607307577,3.004948210485894
train:1287,-2.2491151538019114,0.05944933317992967
train:1288,4.0863096295585954,-0.07599426644806018
train:1289,5.208013622062156,1.2279149444434985
train:1290,-0.3453906079214333,0.0519741920572246
train:1291,0.14237349563854496,-0.25850109665385657
train:1292,0.0011271034685673698,-0.0346454572758621
train:1293,2.1402852388453795,-0.14154619534186072
train:1294,-2.0783239004417275,0.15447398679534186
train:1295,0.6027715690941825,2.5656707534958514
train:1296,-8.38986081011764,-16.73525946590634
train:1297,11.852502328914422,15.695675246848015
train:1298,3.4628550019997406,4.036178723334617
train:1299,-8.305896893739249,-16.642047175221244
train:1300,14.047233558413142,7.006349111466636
train:1301,0.5493608015230836,-0.07539822958385425
train:1302,1.4822575621305853,2.223377539007467
train:1303,2.040813335885174,0.3340350139353202
train:1304,-1.0639472722111494,-1.2931499408363412
train:1305,-2.1819677314397046,-3.093588282029164
train:1306,-3.044199046677052,-9.798619532088455
train:1307,2.976492389170231,0.9841641138236588
train:1308,-4.143549389881668,0.044772959689731454
train:1309,-32.83850838499698,-13.763354037003024
train:1310,-0.2794009438247927,-0.753930312109973
train:1311,1.6909959960039411,3.997327619624008
train:1312,1.484432441426367,7.130172988119621
train:1313,9.501274633081469,1.0266470764354063
train:1314,0.13823794731537287,0.09216117159273216
train:1315,-5.102125347373136,-4.384972194789001
train:1316,0.021057375612903134,0.010658194871327964
train:1317,19.577161249568256,7.920621156483114
train:1318,-0.13629151508832943,0.10154967949924042
train:1319,11.447784164142087,14.158322413194364
train:1320,-4.178316309209976,-1.3476719065437022
train:1321,9.72765734476454,13.391199857910125
train:1322,4.988075582631783,0.32485179493441085
train:1323,0.6602687200706405,0.08376315769009696
train:1324,3.488384263318744,2.0448238398469423
train:1325,32.2214352604309,10.670290716845244
train:1326,2.1491458495889986,-0.24548115782864038
train:1327,-3.354530797411137,-0.2283885381993671
train:1328,-0.22686979823480075,-0.17731482693066614
train:1329,-0.5960460279058342,-0.01637959514509779
train:1330,-6.1032890492278895,-0.17627996541488117
train:1331,1.0555846463995744,0.6522393800109174
train:1332,11.859415636979465,1.3725199359684668
train:1333,2.6605623466361994,-0.09364397654040768
train:1334,-12.358453905810153,-5.3398129796685625
train:1335,1.994845648708648,0.015762313331729907
train:1336,2.690914419065675,6.426811255259555
train:1337,1.5448253247016224,0.5470801024526646
train:1338,-0.5041027499726135,-1.2136263828537732
train:1339,-0.5249035782266864,0.04968248880528495
train:1340,-4.156214644643463,-2.991553846853287
train:1341,-2.599200053117672,0.3054721798599281
train:1342,-0.5510253756000876,-0.09158737830335825
train:1343,1.3067776260645543,-0.5317670579210823
train:1344,1.8880671183408961,6.689620999452983
train:1345,7.543857231555348,0.9087693023434802
train:1346,1.0596754465114984,-0.15997383483117206
train:1347,-1.5034365405601178,-0.24849001697248124
train:1348,-1.2554526469017926,-1.440965371229689
train:1349,-4.572841180147339,-0.2082693694858122
train:1350,-5.829550409757519,-0.30494147013517603
train:1351,-5.655839480899791,0.10892552869818116
train:1352,-0.6710719249466027,-0.08789189268095754
train:1353,8.636165484829823,0.29349666082476733
train:1354,-0.8112179760363557,-3.087872148693836
train:1355,5.415870341830242,0.2342116786537293
train:1356,0.16658622971389098,0.04211233558311576
train:1357,-4.374688197160259,-3.887687425842336
train:1358,0.06230592805410891,7.212016353533699
train:1359,6.790184844347828,10.125147240644178
train:1360,-1.2353254826279652,-0.26221170432211793
train:1361,-4.865452174310667,-1.6948729382179204
train:1362,0.5754798093976018,0.20361122022901862
train:1363,0.6930841524720478,-0.060920154619564654
train:1364,-9.03797484026048,-18.798111952866442
train:1365,-1.6778959849514505,-2.5744789770461303
train:1366,-2.309639375982908,-7.6583969520728274
train:1367,10.176957280685029,10.5101328438134
train:1368,20.916801351137156,6.013753999183793
train:1369,-3.108651813118278,-1.1436934831454921
train:1370,7.096498786857428,3.57792737861375
train:1371,1.6032839229597555,0.13421229993259076
train:1372,2.5293317664347645,0.10361540802813025
train:1373,-31.176565863154067,-12.617179426959343
train:1374,-0.07137557560340477,-0.04416321587623598
train:1375,2.7410507798646084,3.600805892714445
train:1376,-1.821332017515465,0.1190333324087407
train:1377,-4.399160470860845,0.18234791181921398
train:1378,-0.26608736303094005,-0.1473566274726034
train:1379,5.887144555201588,0.16612566579178856
train:1380,-2.57238041610704,0.09702619053556372
train:1381,2.826295308688538,11.145779196595921
train:1382,-9.903474518355747,-6.8582718156449936
train:1383,-0.439569785438501,-0.18057491176092794
train:1384,2.008234313514101,0.06552625570376393
train:1385,40.17066650799274,13.436328607904247
train:1386,12.710755818744607,14.538201900651842
train:1387,7.613622598619253,0.447930982159163
train:1388,-22.21802697174855,-10.128526649730482
train:1389,-0.24645440497588433,-0.006842006692133043
train:1390,1.0585384932584345,-0.1764577207841489
train:1391,-3.281007045518866,0.05448958745925399
train:1392,-3.592056162382363,-9.157844237864593
train:1393,5.4517219113075575,0.5076399522575394
train:1394,-2.81096858015269,-0.15189695041186083
train:1395,4.010646796939541,1.944116435525743
train:1396,-1.4302345108723524,0.2703687756281816
train:1397,-9.90377485440215,-6.005299408758462
train:1398,-0.9300992122244963,0.12333227325746765
train:1399,5.943887146730194,1.191430440910082
train:1400,20.667420150996687,13.55733807209743
train:1401,-1.4589865732341853,-1.0912218385995403
train:1402,10.465965172124477,1.4259535423562903
train:1403,2.90318226640075,0.4279594673839645
train:1404,9.360838241649644,7.888398644648633
train:1405,0.1521215157143191,-0.19514371900038147
train:1406,-1.6773199534321104,-8.359771134527888
train:1407,-0.4820342107053358,-0.2115391552511544
train:1408,-11.981718134166181,-12.552298431855002
train:1409,-0.1295845137115091,-0.034362846211239806
train:1410,2.480636646725382,0.2796318846826944
train:1411,-3.316451348159263,0.23287380557749113
train:1412,1.047340282450859,-0.06463732468508632
train:1413,-12.312614070665765,-3.7591329167295457
train:1414,-0.2372039617633659,-0.3889779601814804
train:1415,-2.1620851132346197,-8.026331164586868
train:1416,-0.28378196804966904,-0.04944780026129578
train:1417,0.5596419645728716,0.09770511333038323
train:1418,3.544760035744235,1.8087009400773244
train:1419,4.6170661872781364,10.999240295130509
train:1420,1.4418744517178315,8.264040535405687
train:1421,-3.914015939210246,-0.14138313403602365
train:1422,25.433119061338036,7.940813367531392
train:1423,-1.0264229332369927,0.21964001819807563
train:1424,3.753612606613553,-0.05561830827649411
train:1425,2.045868372777656,-0.09612456270479555
train:1426,3.457862496373886,0.08431026189647076
train:1427,2.3077209575075512,4.45753798258788
train:1428,2.40623908430801,-0.06275876713892461
train:1429,0.04065558116104141,0.01039198979985638
train:1430,-3.787010055067119,-3.9462645250741235
train:1431,1.4581865113526722,0.027056199016681035
train:1432,6.859076168428393,3.7173132670654514
train:1433,5.215668936830077,-0.014465229735624544
train:1434,-1.738005734090081,0.11955490033012339
train:1435,4.504655891123842,5.256226239337331
train:1436,27.376462511166448,8.277096282094215
train:1437,-0.6792105203960043,-2.4248417681090033
train:1438,-0.5878035236230408,-6.590889507169247
train:1439,-0.6324694446541655,0.002727680443083094
train:1440,-3.5875441479391057,-1.700338273849258
train:1441,1.3110162696172774,0.02784254540143523
train:1442,-1.6691402128741846,0.20888995552086817
train:1443,-0.6823507987635449,-0.73017486201017
train:1444,8.158651627373679,7.598447396029904
train:1445,-9.415392179464865,-5.037550103146299
train:1446,-4.067592730046938,-4.739668625420945
train:1447,-10.130033898301408,0.1195942747136851
train:1448,12.06314761773255,18.935811530724997
train:1449,4.442468662692095,1.3146495783894503
train:1450,0.5625700085670639,0.05013101439194445
train:1451,0.04253802799058794,-0.37373736318770767
train:1452,-7.254127497898494,-5.104151587619315
train:1453,1.3761531606595598,-0.2465690891657477
train:1454,1.4720842597042734,0.1821227930610242
train:1455,-5.549541906631117,-0.02116429605189586
train:1456,-5.728380399352285,-0.6054322497407456
train:1457,-8.324048162970948,-0.004188515626017658
train:1458,-0.433331303644905,0.08384376104775047
train:1459,0.5561030203233019,4.480204217403285
train:1460,25.917000414911115,10.983504237143585
train:1461,3.466405801619563,0.8103460402512903
train:1462,34.84903906692811,11.350548816846427
train:1463,25.887963591204976,9.503897075521003
train:1464,1.5246384186600501,0.042448444451490375
train:1465,2.644100583894638,-0.46729118385195595
train:1466,-3.7200444150487875,0.03217144502026347
train:1467,-5.093885632589225,-0.5382940753004861
train:1468,0.023643589764807293,0.019395170858537883
train:1469,12.305500210520814,0.8790641831623685
train:1470,-0.43421278529193397,0.1590442685047006
train:1471,6.886618285649723,14.543940289073532
train:1472,-0.7956070104541099,-2.343151905726491
train:1473,0.9162863705120141,-0.0010258681289901234
train:1474,-11.408823871236477,-7.100007134341066
train:1475,3.1192926484471615,0.09323483684883885
train:1476,-0.44777439902813365,-0.18002623828564407
train:1477,8.097258476290628,0.26299720625354106
train:1478,0.4969781967486116,-0.7634333766469164
train:1479,2.7674138688913894,3.3800825140809465
train:1480,7.283396141851591,5.131222272463975
train:1481,-1.3038046582485658,-0.034827777791050035
train:1482,1.9194780380547116,1.3435401043454265
train:1483,1.4189164109942363,-0.1790409514013362
train:1484,-2.4486907812193226,0.21497044456495257
train:1485,0.2644571927734931,0.0459513379803827
train:1486,9.306101764734397,4.301574052048598
train:1487,9.209774789306538,2.0612754844568575
train:1488,5.6074707919411475,11.407456784601141
train:1489,1.3024597142519059,1.2022104623573908
train:1490,1.7000165380168522,0.10350926838548563
train:1491,-1.6362571351248643,-0.07020337884828834
train:1492,1.0664120863139508,-0.011136810377369813
train:1493,-0.46288534693560124,-0.0668883696061742
train:1494,7.8581398425407265,2.5256755100889925
train:1495,-4.299433561211084,-2.2502745826232924
train:1496,0.34253294192634487,-2.5126212498274407
train:1497,-1.1716223940115458,0.168136897891256
train:1498,-6.1092915859076315,-4.539360864664195
train:1499,-2.540124510689915,-2.1091311129923147
train:1500,-0.6786261203800151,0.07834975059360155
train:1501,6.4280958015055445,8.161649448204795
train:1502,-2.9289248650028745,0.15984288371911531
train:1503,0.03575408293624474,0.20047196910483212
train:1504,-22.217056226137267,-4.3585405705542914
train:1505,0.6050905724989191,2.465249241437905
train:1506,-7.989934074593341,-1.65140162151445
train:1507,-1.4636768831477145,-3.1211349431548823
train:1508,3.408837053505108,-0.03242708168026563
train:1509,21.147418522124624,6.412736339744343
train:1510,-9.644114350877814,-7.344682407009746
train:1511,-3.089170882752346,0.29272828970207393
train:1512,-6.522068148036483,-0.715551273019674
train:1513,0.12002414681704496,-0.021221075054278324
train:1514,13.277550377450146,4.050690751571688
train:1515,13.412334314312046,5.011590341052213
train:1516,-5.963086975702236,-0.06739381685602616
train:1517,-21.35086847165086,-12.570794120550685
train:1518,-0.45028076377451187,-6.718234823256425
train:1519,0.4786311976786203,-0.5604035049744374
train:1520,0.3060435070377825,-0.15660960760960577
train:1521,-5.52736120626292,0.040293695577156674
train:1522,-1.355569156562212,-3.4901328346683282
train:1523,-3.188358954201206,-0.9660907609444689
train:1524,3.8185605091065122,0.07542220811146426
train:1525,-0.27405696133967966,-0.14314956018552044
train:1526,-0.03856374630472148,0.10144068664039568
train:1527,-1.3083217867731083,-0.03620402662517988
train:1528,-10.955500548093736,-8.423640949810904
train:1529,-13.610579058922598,-5.874345915464607
train:1530,11.194269856489967,3.579279803092609
train:1531,-0.2635405505507583,0.04641769616829298
train:1532,-2.598742110384379,0.2897732136836054
train:1533,-4.728784395869778,-1.4531667223270897
train:1534,-1.889386724389369,-0.0048167938332849825
train:1535,2.272296181359335,0.13764514700377006
train:1536,-2.747445646672465,-1.5302500671545016
train:1537,-1.0966787871878259,-0.39149663678214
train:1538,9.165427336064555,0.9529122661404599
train:1539,1.8367294133563492,0.12993261829321467
train:1540,-7.679930554894489,-0.4611233863921477
train:1541,18.399650542411337,4.168722884660041
train:1542,2.0906265797301598,1.2367174017425013
train:1543,-2.510302907964691,-0.12037319122479001
train:1544,-0.2724260343260839,-0.07075804407759248
train:1545,14.728713714528544,9.724923180393334
train:1546,25.166223527544155,10.875541959990331
train:1547,-3.587201969409457,-0.09632229058746414
train:1548,3.290428404919396,3.0529880969690026
train:1549,7.419067604274766,0.06345296615194376
train:1550,-0.599500357355953,0.13156979374884586
train:1551,10.928084715078288,4.868961487067451
train:1552,0.22560667953870892,0.289579765625237
train:1553,-2.5826997023082288,0.19792504566379135
train:1554,1.3764342026720224,0.16907446473461676
train:1555,-12.989664502554957,-3.2036048748465085
train:1556,5.567295034278697,0.06233436274068512
train:1557,-9.485051545571217,-16.970390730385603
train:1558,1.7727587653054022,-0.12301013363694469
train:1559,7.664834078779345,7.460009345999884
train:1560,9.410117528916775,2.5527605208335302
train:1561,4.176224476887392,-0.13782417480879888
train:1562,-1.416888385924865,-0.2783981424862318
train:1563,-1.5124010601371283,-0.11186575648088007
train:1564,-4.6373846053022625,-2.737462960724198
train:1565,18.428880771373365,8.600101469748141
train:1566,15.654574429120151,10.07159008999489
train:1567,12.767680192617089,3.2508232605667255
train:1568,9.216717852026331,3.081347924711756
train:1569,5.80363858155649,3.117665657758275
train:1570,6.3692048309205465,3.4021184734377448
train:1571,-1.6608530766092628,0.0832189066999233
train:1572,0.4037781333394779,0.10990304056834367
train:1573,0.5211247964546064,0.014422585664961657
train:1574,0.0797096115851647,-0.04010394518831947
train:1575,8.443328356880786,9.632041862787457
train:1576,2.2032635226686983,-0.1486424293531893
train:1577,0.5051295774012269,-0.12846148850890174
train:1578,3.871315976898346,0.22629600094972507
train:1579,-2.347838308770271,0.3029904524090602
train:1580,9.203292923735399,1.5004136402093082
train:1581,-2.334921301734285,-2.650423603288073
train:1582,3.460519029143466,4.480801395553971
train:1583,-2.0354502324429324,-0.053086649542124026
train:1584,1.6678480368980613,0.09985986220471693
train:1585,-0.10138302869170904,-0.010769458791603834
train:1586,-0.19803300484439673,0.05561403996372288
train:1587,-2.142442624391714,0.17118013829030834
train:1588,1.4369179771192155,0.09931446992806323
train:1589,4.542170931768388,0.1910299633945715
train:1590,-1.7147110938346035,0.11003542980002942
train:1591,-4.783373959177186,-8.403255290704259
train:1592,-1.9312954582328854,1.2705051879843705
train:1593,-9.696315173308411,0.14017566445166008
train:1594,-1.0678665181417686,-0.1872873881933398
train:1595,4.80315551742919,2.3659792874383276
train:1596,-0.3405541980039067,0.10292207649150009
train:1597,-2.459364798695134,0.06268630695897043
train:1598,-16.679863750057848,-7.01777801409673
train:1599,6.868035573924118,1.0299716439517907
train:1600,-1.940423628411032,0.21752464370730365
train:1601,-0.10605567177897934,-0.13569710213160638
train:1602,-8.834650126344313,-11.534305130245134
train:1603,-3.2356721096723007,0.2697230928020935
train:1604,0.1629026964388855,-0.13279466795203015
train:1605,-3.7076390485995927,-0.6030871913458635
train:1606,-22.535453347975075,-5.5304414897880125
train:1607,-0.8340904721275388,-6.619776038622542
train:1608,-7.694855303751516,-2.040607702086895
train:1609,0.0935213503878736,-0.05884372652992437
train:1610,23.0020782234646,8.4790840165496
train:1611,1.0006938172128024,-0.06223249141081172
train:1612,3.646769220396772,-0.24408893098378986
train:1613,-0.5063436474086259,-2.0550608114094335
train:1614,-1.4646197337701699,-0.1243331699889422
train:1615,-2.5621852626061443,-1.2085535071107625
train:1616,0.7138542962384077,-0.022457801616222114
train:1617,8.600732340184958,10.911479929960613
train:1618,-9.765596097399634,-0.45570940865241233
train:1619,-0.49903934458348254,-1.2520586344262044
train:1620,3.7674622361094228,5.690751664746067
train:1621,3.787363218515487,0.13050297621161946
train:1622,-1.59159144655198,0.07631469413886306
train:1623,-1.0261126014862585,0.2038409041331286
train:1624,0.8352537525431792,-0.22975579940246654
train:1625,3.175848343550606,-0.03587747603107566
train:1626,-4.971245314197997,-3.7432148235490534
train:1627,1.9079332320109228,0.09866935774521517
train:1628,1.4560055881426441,0.15951048403180088
train:1629,3.1935365559677282,-0.10673110860713678
train:1630,-3.9025473794692593,-0.1425158608674729
train:1631,-4.467936030737764,-1.2809437392714005
train:1632,1.2859177534174577,1.866460878189396
train:1633,2.4733665152615556,-0.013743366036993152
train:1634,-0.12414371236933186,0.10207609788816331
train:1635,-1.139723311993205,0.1130863738828221
train:1636,0.52930244488837,0.06093585882019431
train:1637,-11.35106822669686,-4.164174917855919
train:1638,11.113305581243766,15.273252023273727
train:1639,0.6144286524680118,1.066654303350306
train:1640,-1.1660159661731906,0.2093090929806664
train:1641,-3.646529031653165,-0.33134113834844403
train:1642,1.327530103004655,-0.3826801987237566
train:1643,0.4507631740044592,-0.021219077802938247
train:1644,-0.05173204069841769,-6.35594598431595
train:1645,20.390958495700023,12.792531187081211
train:1646,-1.7892957851353768,-0.016423392013769703
train:1647,-1.1543739925849774,-0.02584100272551923
train:1648,1.6868719543636614,6.24756593649212
train:1649,-2.1698764160730875,-4.546990364783326
train:1650,-1.046591475077585,0.02642820613103372
train:1651,-3.0884265514670646,0.03768171880675309
train:1652,-0.8172597981587,0.19634094002948246
train:1653,-1.1872345218849931,-0.064170253193126
train:1654,5.408673434712094,5.827296320505685
train:1655,-0.6320810069347074,0.11261302531522152
train:1656,9.934418721304565,5.652396450011039
train:1657,-2.0160866934883264,0.18658921770069842
train:1658,-5.748744671031168,-7.1244209640790475
train:1659,-7.343518849270248,-4.2329106080466286
train:1660,-0.5064261700839147,-0.1250110941580917
train:1661,-4.711672679888477,-5.042281306249345
train:1662,-7.440313530677492,-1.388049195599758
train:1663,-1.942588744460723,-3.2700859535958795
train:1664,0.26890528120068163,1.0323124225223725
train:1665,-2.5422710300803857,0.04230235978204402
train:1666,-0.08684485788821808,-0.08189443222829673
train:1667,-0.5733139365917621,0.08870221759332174
train:1668,13.488672670577268,6.965383203908495
train:1669,0.212372715692142,-0.20382191873386885
train:1670,0.04810156728361732,0.05664348036872765
train:1671,-5.442360526133013,-3.5122384125004094
train:1672,-2.2775924505237684,-0.3637134440334318
train:1673,3.1220960948245797,-0.1310407959538139
train:1674,1.9547347468952267,5.2446838385213495
train:1675,-0.28879702212482794,0.18118836475548356
train:1676,-0.5019920291511412,0.14484980323070334
train:1677,0.2632716557482168,-0.05860762288936411
train:1678,-3.1569780216003833,-0.48816502825044367
train:1679,0.5383587854702795,0.1595410134451422
train:1680,-1.7383497722856514,-3.406100767107134
train:1681,29.446579386897735,10.822862458644199
train:1682,2.7560496829002754,0.0840765834896806
train:1683,11.045899200401921,4.578338306033593
train:1684,-0.4770706461303923,0.10565231907339882
train:1685,-14.902966909079346,-4.409376894235143
train:1686,-4.717031772159206,-4.959076956707807
train:1687,-17.62637047571552,-3.1475933876218725
train:1688,5.916406398484289,9.417260877533955
train:1689,3.264045324483954,-0.2185935896451512
train:1690,-0.02122375633149426,-0.23039049734618416
train:1691,3.648004038568981,-0.19102667068441243
train:1692,0.3212327933722144,-0.07558882442602255
train:1693,5.705591415150779,0.662942221960013
train:1694,8.842209030323957,7.7922794972988525
train:1695,0.6946151224423359,0.21088492428799493
train:1696,0.4470006049277686,-5.81622818404104
train:1697,-4.266427745510912,-1.2391578173773434
train:1698,4.326360420851899,-0.15311270583473371
train:1699,-14.192170979369505,-2.877465143875126
train:1700,-0.015564095556121399,0.027778348036932438
train:1701,-0.8728577653123134,0.23155733162275388
train:1702,11.909839548621589,5.0862567264365
train:1703,-0.327679963284127,-0.272215936284613
train:1704,-8.348570647651428,-1.6309494824703406
train:1705,0.4542328456984344,0.008552521315636386
train:1706,1.1381326596366008,3.3885893781816168
train:1707,-0.2893944398022711,0.0012684030175296318
train:1708,0.4137232780029842,-0.13562705567389333
train:1709,-3.9028230749421966,-0.2226809645126389
train:1710,28.874583342608357,11.895151323255948
train:1711,0.5645676384546544,0.4157225937448724
train:1712,-0.027381342657483154,-0.1995000094947309
train:1713,-4.127037416160213,-0.3106130932977827
train:1714,2.5434075777983973,1.3618948441608247
train:1715,2.1397508173510444,-0.28749005856873716
train:1716,-12.497329107700457,-9.282266719276363
train:1717,0.19430176078244787,0.15582584063096067
train:1718,-2.2099910372183524,-4.999829443694178
train:1719,15.103961753434913,8.542512153964838
train:1720,2.9569514845783145,9.575471715830837
train:1721,-1.0665298832603294,-0.35249916308046414
train:1722,4.295596432420701,3.1768182506976275
train:1723,1.956444012335787,0.049530127060198326
train:1724,0.9734778389025431,0.15446956431023168
train:1725,-1.7922459126623926,-0.06817046230569995
train:1726,-1.7479170560796309,-2.377810493552638
train:1727,-0.13286694029296275,-0.22877286642152384
train:1728,-0.5589033853621687,0.15104584753089279
train:1729,-6.588312237677077,0.06705429563974037
train:1730,7.631078352796125,8.739556406031886
train:1731,-1.155141802152524,-3.785602203418097
train:1732,-0.4132459818543224,-0.031183935381871572
train:1733,0.1970917245819314,0.2968324985451424
train:1734,-0.04404999323286765,0.24209803956127723
train:1735,2.0952048447718887,0.3952193821307808
train:1736,-11.611942162235302,-9.860247860724657
train:1737,26.480349012663183,7.362058433849624
train:1738,-1.0486705815783832,0.1306550526350861
train:1739,0.07552420096945892,2.254937962022709
train:1740,-4.020661735922815,-0.9395544236752149
train:1741,-0.5874278711067964,0.012226037173296136
train:1742,34.704424006169546,16.036059374376897
train:1743,-0.3835057395131858,-0.13710131248449745
train:1744,0.5945292972696294,-0.16784928218675454
train:1745,-9.568697459076946,-4.07197095377595
train:1746,-0.6832434384061058,0.04044919586006344
train:1747,-4.403384702002672,-3.3125888887210277
train:1748,-1.1614900042355178,0.11223868334976524
train:1749,-0.2917005417746737,0.2056021944934652
train:1750,-2.498625135807479,-0.11488103536117117
train:1751,7.841793379086329,5.5601759372771085
train:1752,-4.827112371829712,-5.268741646696433
train:1753,6.863369207209335,1.6005699458214537
train:1754,0.4934359980836783,0.11936173759337498
train:1755,-8.951960642203082,-3.072744111079158
train:1756,42.10034141329444,17.66740171480856
train:1757,-4.359431962852635,-1.4816506649745482
train:1758,-0.007398070034370319,-0.3179371566226912
train:1759,-1.6489251793855422,0.15061672381439412
train:1760,-4.763895353393656,-9.015360897906035
train:1761,1.1698811087152592,-0.026639047296693932
train:1762,4.785528209071012,6.988664877458267
train:1763,9.294766171106835,4.3847270436985335
train:1764,0.328303243207666,-0.14229701918492338
train:1765,8.338734236596666,11.461819683505345
train:1766,1.3860059031725664,0.08750643468384975
train:1767,-1.2404839634373581,-2.359276286438252
train:1768,0.46902160648491514,-0.07183998366067951
train:1769,0.9559342155108567,-0.018432056218657053
train:1770,0.022615194509940192,0.19134552910630526
train:1771,0.2357082685979037,1.2179278317782043
train:1772,1.0424126326740342,-0.10065404342249251
train:1773,0.4611587065084504,-0.026919803770786135
train:1774,-12.899323791730021,-4.828105773473511
train:1775,-1.789722346006236,-0.010878736972068592
train:1776,-5.4008300018463835,-0.1061727341967725
train:1777,-0.10536620063839708,-0.07723142099243396
train:1778,-11.559691128824811,0.043970349972636553
train:1779,-1.4058610319238736,0.34175453302556585
train:1780,0.20281577628985356,-0.031174805090031177
train:1781,-0.19767583275825223,-0.74213083651436
train:1782,-3.6254018320297807,-0.03408109111147756
train:1783,-4.940941593082495,-1.093562759830932
train:1784,0.872994742597249,0.14282073852998511
train:1785,-0.585662583230336,-0.09591570727894647
train:1786,-0.5071005314388807,-0.3868929724432398
train:1787,-0.0038306496503698606,-0.03484375580177071
train:1788,1.5576549274392741,-1.0253925770910877
train:1789,0.8798401728561384,0.0737238311683404
train:1790,-0.12798276020706473,-0.0994260191699591
train:1791,-0.7140155628757133,-0.0012210281170786097
train:1792,-4.6422387982751685,-0.3582021716212721
train:1793,-0.06475551360843798,0.00814764993683878
train:1794,3.0933351990496174,6.3257509080944
train:1795,-2.5806289643040796,-10.924860432471592
train:1796,-2.290334184046605,-1.1419313368202955
train:1797,2.297903316188822,-0.04462686350875614
train:1798,-5.298274540329258,-2.524892362060934
train:1799,-6.60772993940166,-14.181620695216973
train:1800,-2.6828478262893225,0.28890983046144786
train:1801,-0.755249237989543,-6.444136614488825
train:1802,0.5936338681281854,0.3096206135540985
train:1803,-10.792615199484462,-1.6971580790725997
train:1804,-13.383723062262378,-3.2588890772617325
train:1805,1.5275329886676463,-0.09876464365477036
train:1806,-7.8231889893629525,-7.146705723888497
train:1807,2.003859914349072,0.07981587573803531
train:1808,2.5328339822823747,0.21214433391872967
train:1809,1.3339129413654462,5.294633953250441
train:1810,0.2181431428189941,-0.5920094367880719
train:1811,0.06520747180891254,0.08472312228062871
train:1812,11.39809017137435,7.4699801953328375
train:1813,-0.9504290800838221,0.11957943798944445
train:1814,1.0264450761512447,-0.16109315154648074
train:1815,-1.832015100862646,2.183715551252782
train:1816,-0.41246352741764003,-0.28977733933556665
train:1817,2.421803558242206,0.14244439931318875
train:1818,7.110189647375207,1.207229982957459
train:1819,0.025476871676540905,-0.035299842411360555
train:1820,-0.9376262100437994,0.14900693923428412
train:1821,-8.206375012257388,-4.509522785608158
train:1822,8.419173156219902,7.653671966226545
train:1823,6.059407734139037,8.22891573205244
train:1824,0.6424775286530876,-0.8888205304559489
train:1825,-12.131077202691772,-4.668557347422013
train:1826,-1.9574749052498688,0.13194870086022234
train:1827,11.675374728841497,12.243866842089192
train:1828,-8.67198886747864,-8.546058761520468
train:1829,-3.7203907778267604,0.12677096942185717
train:1830,-1.2346664635168554,-2.192635620878106
train:1831,-1.6133934724468109,-0.04818453878869086
train:1832,2.423924507226249,3.5541389738668356
train:1833,18.893763777887273,10.96683460681598
train:1834,-0.3055362237761284,-2.599716530301088
train:1835,-0.12853880031774334,-0.21695798345843004
train:1836,-0.27530409979862225,-0.00712875492024552
train:1837,-2.3477657817993127,-0.31116205209468656
train:1838,21.705009594182172,8.35377361425635
train:1839,-1.017031155414402,-0.9951570450183729
train:1840,-0.6443982717108474,-0.09444458900616248
train:1841,-14.175054614223399,-4.119223637909445
train:1842,-12.788499790607196,-4.687092981144499
train:1843,3.3275410603500695,-0.0877114267562997
train:1844,-0.013765449922185091,-0.18369162247713344
train:1845,-0.5441957525015352,-0.04959944870233238
train:1846,-16.470550911872834,-9.505354558174904
train:1847,8.120142595293823,0.04097418764088626
train:1848,-0.4572675286434734,-0.806680430557057
train:1849,0.7027339589413162,-0.19412027034939694
train:1850,-0.15391266330313935,-0.019932134635872276
train:1851,0.9752270871604263,-0.15308360302949245
train:1852,1.8102203405546908,-0.06583881402695854
train:1853,-2.9922534633942504,-2.5410424217184966
train:1854,1.3414501673473205,3.230275824101532
train:1855,7.038781265469213,3.986552448644239
train:1856,39.30596276691209,16.006266090815203
train:1857,0.8824485867699864,0.02553272422662478
train:1858,-0.8134288863593758,0.09088663991613673
train:1859,-0.8624278289887651,0.18287689810271696
train:1860,-0.6842188331821959,-0.10216624800855828
train:1861,-8.813028720502157,-1.9345861825929642
train:1862,40.45940195837461,17.026602453568614
train:1863,-2.1014083984480187,0.10321538711687285
train:1864,-0.6008125841221655,0.4822073816753035
train:1865,-0.5563807485389729,-0.08748102954813969
train:1866,5.112939596549245,4.558598900396275
train:1867,3.549639799123568,0.26298094292120033
train:1868,-31.249911087117827,-9.483833319020608
train:1869,-5.453554785150503,-0.1101375634284649
train:1870,1.1208891398330776,0.001418054207226141
train:1871,0.8629344148756986,1.971023548240203
train:1872,2.3973119905076796,0.22924437191012328
train:1873,-6.640065810453431,-3.7243619121851137
train:1874,-4.857811736870121,-5.364869924338053
train:1875,0.9157828659636321,0.0733630419798347
train:1876,7.781707108229963,5.06578661213033
train:1877,-29.102383757717284,-14.67755988740366
train:1878,0.006088459690228476,-0.4358316220293879
train:1879,0.07105565621712835,0.13384166714819465
train:1880,-2.2680202851067435,0.060911891804113265
train:1881,1.639327735401758,-0.05453465676368699
train:1882,-2.5972404301523624,0.34311808504760516
train:1883,0.2516945380090336,0.319705163552627
train:1884,-0.7155476951372027,0.2554712778824738
train:1885,-0.6731831106845555,-0.048603676248489075
train:1886,5.559918204482596,12.73455041003525
train:1887,18.199602559849737,6.20986639083988
train:1888,-6.7365108746673386,-12.166877998536881
train:1889,8.307715938850633,0.3494981617927026
train:1890,1.9721098380627318,-3.4314390388939557
train:1891,-0.25697616230433146,-0.5440649903868569
train:1892,-0.22370023012898854,-0.10317143607586199
train:1893,6.391905772830425,1.8376667909409838
train:1894,0.23560203518210932,-0.27589901041654313
train:1895,1.9062579054734394,1.9949158100568019
train:1896,-12.314855897934738,-10.711274374162704
train:1897,-0.17942204944260126,-0.1838740856531314
train:1898,-0.8685923890619617,1.0038164963668734
train:1899,0.04625003740002408,0.008738265690264466
train:1900,12.959780892861014,5.955071330952601
train:1901,-12.68767335348105,-15.003604891597197
train:1902,-18.10216972119158,-7.676878945330752
train:1903,-0.27860059010361105,0.31437193183135514
train:1904,0.8690742181463084,3.5460589509097042
train:1905,-3.5275197109746466,-0.18978252576034832
train:1906,5.991982756637971,2.7420488753037815
train:1907,-2.498382449404658,-0.2135215698670006
train:1908,-3.356502043288459,-0.11882418014974264
train:1909,9.07353566386067,2.90299024150418
train:1910,2.396052764220244,1.710429326426171
train:1911,-0.19198339537100406,-0.08587552479232985
train:1912,-0.6051625751719686,-0.035274591447989445
train:1913,0.47032174542263483,-0.05217190842836425
train:1914,-0.5353495541688119,-0.029785574122190767
train:1915,0.38271102417119823,0.22195911232553647
train:1916,-7.373803508810051,-11.527606919893723
train:1917,-9.79827972597882,-7.466942721185062
train:1918,0.20726735159064585,-0.06144799961658762
train:1919,-3.3857285529186427,-0.02892532943785335
train:1920,0.9232224594846011,5.690961661458396
train:1921,4.567842689988665,4.77121258262416
train:1922,-1.818933513392563,-0.06973031560230777
train:1923,-20.942623450457447,-10.704220082429517
train:1924,1.3216600675218557,0.05502456549677725
train:1925,1.8391228033979656,-0.048142311188929005
train:1926,11.207190815316038,1.0693266256433422
train:1927,-0.2929268752211139,-2.2104328422479997
train:1928,-34.0369217371172,-12.58147770329043
train:1929,4.049448726402113,0.8611431322093892
train:1930,-3.3385678900531524,0.3883010461495299
train:1931,1.6939161364179647,-0.5400831845187739
train:1932,-10.293253056943678,-12.06174953571359
train:1933,2.0560449296193313,0.03708325670877707
train:1934,-8.332815557960227,-3.239245825010358
train:1935,6.442868057756968,5.199514572857185
train:1936,-1.343713553851209,0.7145289058362936
train:1937,-0.9041410654522312,0.16095620868040372
train:1938,-1.0034546643508264,0.12419109133370498
train:1939,-7.148632369475164,-4.955563506278974
train:1940,-0.9052006101112918,-0.06552995337329512
train:1941,6.8514692049744434,13.917286132467321
train:1942,-3.9886987278884054,-3.0435522854924484
train:1943,-1.4156758837437198,0.029917404222165454
train:1944,13.522904471036519,5.786744129296561
train:1945,-4.893977124971775,-0.23708885035840543
train:1946,-6.576945959561801,-1.0014241344019454
train:1947,0.6089561205760404,-0.04497723845813137
train:1948,3.237281942367462,0.005147493102408321
train:1949,0.014318411228048361,0.016265905991051807
train:1950,0.47324467533554143,0.27208926499685643
train:1951,1.4865822152322012,-0.17228974255900764
train:1952,0.8302363738856178,-0.12649333997405615
train:1953,-2.8664940203353453,0.055608048209702624
train:1954,0.7487899802491373,0.0531514290613958
train:1955,-3.064599581841414,-0.046757930688628824
train:1956,-4.3955025079922665,-5.6983298667924736
train:1957,-1.2305098777229406,-1.7305267278546708
train:1958,11.07111905980315,0.30456400114342863
train:1959,2.210869091373206,1.7672892174879136
train:1960,-4.6058479256804725,-0.13322236506042875
train:1961,13.551851100945441,16.266663155389807
train:1962,-0.1680563524729256,0.07481789692027797
train:1963,-0.8470246810733031,2.2230091887960306
train:1964,1.1402817360677144,5.649750377307043
train:1965,0.1356323229004078,2.3762568575127947
train:1966,-15.056487909938378,-5.9508452069358535
train:1967,0.3722333176792786,0.22611296713048712
train:1968,-14.769907812360103,-4.306909911483326
train:1969,0.2313583937772209,0.07077660149442223
train:1970,0.6208551929779702,-0.08495507724616982
train:1971,0.8096912496958201,-0.16285729512301744
train:1972,-2.9300006817387527,-0.12151219513187952
train:1973,-0.4161021962522772,-0.0671806816058769
train:1974,0.30673483784428673,-0.21844850360137485
train:1975,-8.48815810158986,-1.8386995723634947
train:1976,1.0386844674169007,0.6851289024625826
train:1977,0.08236788779154644,0.12112602383072171
train:1978,1.4098914522747603,0.12285550083042691
train:1979,-0.876779103367095,-0.18879331570376529
train:1980,-0.33825623206991284,0.05707260408522631
train:1981,1.3017946512265497,-0.1112734287977343
train:1982,-17.012379455575495,-6.4009412037919065
train:1983,5.491092433625782,0.02899809796248548
train:1984,0.9133755284276005,0.030103148596793534
train:1985,1.5504696432331389,0.023828640851100688
train:1986,-0.3756895636430113,-0.043663332397974236
train:1987,0.1882201883010208,1.049200894532527
train:1988,-8.033917963147571,-4.686123458279697
train:1989,-0.07518405518254476,0.029920114777555573
train:1990,-2.062064841285664,-2.1247958405742358
train:1991,-0.2564726577559494,0.004573426002943359
train:1992,-6.853893917497066,-1.325663052740805
train:1993,-0.2492583162697829,0.02231700690827494
train:1994,7.106750660168944,0.7828203502646434
train:1995,1.1368915650919047,0.22758565467218117
train:1996,10.385438848202908,18.380418160646606
train:1997,14.411694605138939,16.47369024029785
train:1998,0.9640016787387417,-0.024201544696927937
train:1999,1.6613034076020559,0.9319451215722281
train:2000,-4.637138664484078,-8.192845432669348
train:2001,-4.301291832383645,-2.6341268883178244
train:2002,0.1889367408265922,0.1320953561729087
train:2003,-24.717395654928186,-12.018966129435968
train:2004,2.1135867125779173,7.503064949102996
train:2005,-0.07674919651414969,-5.228660806803569
train:2006,13.697740032860578,16.716414483728887
train:2007,-1.0784587103170113,0.27042983445486424
train:2008,16.66773623058718,4.536285037781584
train:2009,0.3717006396217451,-0.23568677991766446
train:2010,15.78232510946504,6.208177857492648
train:2011,-6.323798935929277,-4.10944566599162
train:2012,14.444443322025394,2.5624075301277696
train:2013,-1.0924766395788224,-5.06907643022795
train:2014,-0.508754239360021,-1.0393703405946855
train:2015,0.6543680001001282,-0.11112092439183766
train:2016,0.8030179547638361,2.164186570310223
train:2017,-3.2808963953965065,-0.07607358585842361
train:2018,5.550788174638527,4.767407533499675
train:2019,-4.821130291475113,-1.7117950781792362
train:2020,-0.1366397375322243,-0.7258585165426223
train:2021,-3.3224199459359283,-0.0913608329370684
train:2022,-0.028493422878840352,-0.12078790619947805
train:2023,2.051785364824986,-0.5072111380163344
train:2024,-0.24595392238462555,-0.07568298056062664
train:2025,-3.003132044121482,-4.908847797434342
train:2026,-1.785512527275304,0.11286353769759241
train:2027,0.41255773238636945,0.42094811655458964
train:2028,8.608345812469635,0.1614569481235255
train:2029,-3.0682766062856923,-0.5377725073791033
train:2030,-0.14039649515290864,-0.24824307111036048
train:2031,-0.8115129655432333,0.06865494992800998
train:2032,-31.655578611343344,-13.82050053363207
train:2033,3.6221072607721423,0.07061311220615513
train:2034,1.0667228829811652,0.2287527627588419
train:2035,1.1807159872933237,1.6300413865957752
train:2036,-0.33055616909074337,-0.08038080103413092
train:2037,-3.3432723799193367,0.013828403391285812
train:2038,-1.0405271045059363,0.0245051384121501
train:2039,-0.04036808716554391,0.10365735030627207
train:2040,-2.4703721612874636,0.002639516062499264
train:2041,4.132555801706941,0.28277741288252123
train:2042,-2.1709241053618955,-0.416264693311367
train:2043,5.260753747610132,0.19732886613877543
train:2044,2.7404061731643945,0.933551767614518
train:2045,0.580248922654576,-0.08400809478934865
train:2046,-2.5287489342450287,-0.3568212149804121
train:2047,-10.71776178645796,-12.316440167887945
train:2048,-1.28488697419876,0.19782147391572685
train:2049,0.7284787090490314,4.166920507986422
train:2050,-4.3416828463765675,-3.1916019649358263
train:2051,15.707063499768656,8.867451251559206
train:2052,-2.3750349930465893,-9.097919279299866
train:2053,2.6520464714628718,0.130814119438243
train:2054,-0.9601916287996121,-0.2737001793519175
train:2055,-0.06609656519644169,-0.11495122447969422
train:2056,-1.8073092066306091,-0.28442684565628396
train:2057,-4.00006361125424,-0.7774606434515863
train:2058,-18.179111539048492,-7.021967106121752
train:2059,3.4620495341972735,0.12476059328724975
train:2060,-0.12590202649858473,0.028885681244200587
train:2061,-0.1822815182559196,-0.295649258275422
train:2062,27.65764399857315,12.240909768819384
train:2063,6.961600945457805,0.597545080045069
train:2064,2.3660682082686044,7.993592160801287
train:2065,-0.7442349016500056,0.13743828882926107
train:2066,4.54609203736493,6.735327811049251
train:2067,6.6794287210311545,4.552837400923364
train:2068,-4.520884438869006,-0.12198240516165998
train:2069,0.5762478514233886,1.9934756491797894
train:2070,12.927521268112045,10.742192906374852
train:2071,8.872909325197327,0.2759856170397459
train:2072,-8.549241618296898,-0.5881169365870527
train:2073,-11.463578014977982,-3.8504229956606157
train:2074,-2.0672456380861215,-2.8628789320168515
train:2075,3.039791930281576,5.843475197646868
train:2076,4.675928797957824,0.26286624362995537
train:2077,-4.04910997536464,0.14563900283165768
train:2078,-2.661541168904465,-0.13129359090914489
train:2079,5.118616691692636,2.1173590153905466
train:2080,-0.9133213062761941,-0.506790003305196
train:2081,0.11606677773502469,-0.008805732741868438
train:2082,2.604580823386173,-0.17966245322012825
train:2083,-3.022991416502541,-0.9237133673321261
train:2084,-8.977543136459103,-1.5456283318299304
train:2085,2.894477635136339,1.1186406158206168
train:2086,3.018928803219116,0.3574064211345865
train:2087,-2.33931941163982,-0.17898424372935873
train:2088,0.6659851006566345,-0.225304211487033
train:2089,8.484107111218446,17.875942145589146
train:2090,-3.1716517155579402,-0.37902037830385743
train:2091,19.106743877270475,15.937018533638192
train:2092,8.390280456622717,2.5827563827454343
train:2093,2.7459228721220135,2.6940358090529535
train:2094,-5.7214494244609835,-3.536035091574304
train:2095,-1.561310273885781,-0.1796635945066083
train:2096,-3.2194753493246244,-0.49940898265189254
train:2097,-1.09038451541657,-3.0914786139707924
train:2098,-1.0817386960869424,-2.6472399846519745
train:2099,0.48492198257627256,0.08647785024370501
train:2100,2.8774556480357742,1.5059862567697706
train:2101,-2.556461210898222,-3.231560687175324
train:2102,-11.201658947191376,-13.552971569843637
train:2103,3.1424110853565295,-0.08456418662675283
train:2104,-0.48070629300790624,0.044003161958937984
train:2105,0.8134645118515622,-0.062359031549287236
train:2106,7.890286957501414,3.9212451830395993
train:2107,1.5704094461653249,-2.674865109223196
train:2108,14.418229471188853,21.68803529022948
train:2109,1.2220214920033907,4.787101572999411
train:2110,-10.09018683659067,-9.43051241467269
train:2111,-4.0136605586429575,0.06809942873384582
train:2112,-0.8799191492763953,-1.655423657730955
train:2113,2.0390554866724013,-0.14153292788653016
train:2114,-1.4308416917958864,0.2050324072183004
train:2115,3.0255599069804946,2.869577367871007
train:2116,-2.0344334601000775,-4.515500558869038
train:2117,1.5483951858971454,4.099111257095894
train:2118,0.2654642018702572,0.629142452210103
train:2119,0.25047785157956376,1.3200902337006568
train:2120,-3.9051518415930233,-0.25932111098977223
train:2121,-0.41133889445130933,0.01773360040439563
train:2122,0.5126993475367361,-0.14887168527486927
train:2123,0.06291496864356456,0.03424801577071377
train:2124,1.2989405289527571,2.7295863122632595
train:2125,-1.2332252224273041,0.1261620930847507
train:2126,15.079763780457823,6.186869468266881
train:2127,-1.9153265069606542,0.08684363256056092
train:2128,-6.4356336654807125,-3.4245579373841166
train:2129,-3.305380756925585,0.0659512422567724
train:2130,-14.653505743304232,-6.660309969247986
train:2131,0.37748861734573613,0.21286676826060108
train:2132,-7.8855249910684595,-1.5635351167019091
train:2133,-1.897853783332244,-4.0234075021201186
train:2134,2.305711820937068,-0.11270716993829666
train:2135,-30.520256285292966,-13.291498272118346
train:2136,4.686589797772181,2.1555147903131857
train:2137,1.500468805588271,0.07297300732527776
train:2138,4.409426583506444,11.45413540163517
train:2139,3.4698810523113046,0.06691905319185448
train:2140,0.7236672883923317,-0.2189712128092376
train:2141,1.1783416588274074,-0.05325926912223153
train:2142,-0.24918904371418832,0.03190352801907182
train:2143,-3.0843483041001143,0.14491257398710608
train:2144,0.6234626770588574,0.6543257943572582
train:2145,-12.130205019374353,-4.377465097644855
train:2146,10.072291563262912,14.446456163093613
train:2147,0.18335437241610256,-0.029117921531361723
train:2148,-3.3414847760518125,-12.557200257286814
train:2149,1.6019265992949343,0.1347976372360462
train:2150,-0.2361025746210602,-2.0985281336102237
train:2151,0.7355598519635346,-0.21715342876813853
train:2152,-3.4435562595127367,-0.11426902048624457
train:2153,-0.9871274949303696,-5.7143598060480105
train:2154,-8.485488551158825,-1.727384195531854
train:2155,1.0530736324883914,-0.15746271925344288
train:2156,-0.015506678370779597,0.05088483411201723
train:2157,2.096781376557266,-0.8036590172619356
train:2158,10.575192650053266,0.8429918267090599
train:2159,-1.4463699022446028,0.1271895362384154
train:2160,-9.913683154434576,-5.063404807065343
train:2161,-0.2520445607374224,-1.8707932614865403
train:2162,0.31253025423196573,-0.030840693472996644
train:2163,23.692337862397775,7.115338546451936
train:2164,2.6201950433837826,0.09705757591376508
train:2165,-0.8217167199990181,-0.012086360728771103
train:2166,-10.002729537777798,-9.255544066989241
train:2167,-0.5210866139217772,-1.4138876361864616
train:2168,1.4024211742660784,0.8176695329329589
train:2169,-0.4600244833728414,-0.16419431223439557
train:2170,-2.179059678854174,-4.60318845234745
train:2171,-1.384118515338547,-0.09475901343141616
train:2172,0.6444631869413052,-0.15708809196636658
train:2173,-0.4917201644309631,-0.1148405196911294
train:2174,-1.751850249504665,0.027611720210845195
train:2175,-8.524445762725884,-2.8942400578805154
train:2176,-21.418166062036267,-10.458076544704253
train:2177,-0.6212161412436509,-0.20568892075442002
train:2178,14.750303506050026,9.247097916574756
train:2179,5.565731520154774,0.5818299931972157
train:2180,-15.626898589029249,-9.942744612648564
train:2181,14.371533259887384,2.954752433841971
train:2182,-0.547266525855241,-0.3220216782739788
train:2183,-0.46386539087649625,-0.17729941956318546
train:2184,13.700616936041914,9.543514553102966
train:2185,-0.702815492402216,0.21828131664357656
train:2186,-5.058432496535698,-1.1737635286785997
train:2187,1.9084399909746685,-0.17247776950659582
train:2188,1.5969868616896163,0.12466929036884579
train:2189,2.997333897616348,0.10839368919847803
train:2190,-5.749585240027913,-0.39211778194890695
train:2191,-0.8952904504129432,0.19106191941601292
train:2192,3.9363880120915984,-0.31035259465871134
train:2193,-14.972987050374567,-4.576764531796481
train:2194,-2.3364088020136466,-2.520607116649968
train:2195,0.23518163445461676,-0.1903162198505815
train:2196,9.298352536837415,5.004322058104017
train:2197,0.14759718098432847,0.039086642463694185
train:2198,1.0328432567558925,-0.04114708103108483
train:2199,-3.717505971065255,-2.025873693629454
train:2200,-6.592127342316064,-1.534674264194414
train:2201,-1.0011163669121492,-1.953039358367267
train:2202,3.500769173442797,0.10417363977768453
train:2203,0.18499413284282784,0.19886503774092223
train:2204,11.070824302754513,7.670028884058617
train:2205,-1.945412647163283,0.08415276436222391
train:2206,-4.6221730029767665,-0.19493914339883256
train:2207,-1.5490985451507147,-0.33930475008461036
train:2208,3.8043540562118587,-0.30480822493863025
train:2209,-2.247883125128585,-3.653262047050982
train:2210,-34.83233432594405,-12.698481251938638
train:2211,0.04452357004968546,0.007972462462151164
train:2212,-5.641252261407607,-3.892764438748837
train:2213,-1.8157032736860454,0.06561028292085758
train:2214,-8.578922816245012,-7.797435318791353
train:2215,7.2937107788879745,0.2384937855268755
train:2216,-1.0318127099954348,-1.6856845834278509
train:2217,2.6780966716982757,10.369527490757767
train:2218,1.0988874323098718,0.18297148221975107
train:2219,-0.3078068758668928,-3.5602782989835187
train:2220,-0.8739556655810153,-0.18808828598071464
train:2221,-15.738515737667809,-6.144338346120228
train:2222,-0.17493909227937515,-1.2399126357230863
train:2223,-0.48367199523701887,0.17371379427601852
train:2224,-17.25797437589877,-8.401123938202765
train:2225,24.97926759307345,8.45703550304152
train:2226,1.1512677125019413,0.039376101247196774
train:2227,1.35224366835862,-3.532098794504613
train:2228,-0.4453605526613751,-0.058661263353926435
train:2229,0.14635492414843113,-0.04849782192746446
train:2230,8.018173393458609,14.254409604522701
train:2231,13.416197770265006,9.35204377356124
train:2232,-1.2481576424062593,0.09052142824252085
train:2233,6.239363886079327,8.782620568783598
train:2234,-1.0604125122099037,0.08804626318891322
train:2235,-0.7552443563664978,0.06305693974336654
train:2236,-3.2130925109638326,0.07318357468084691
train:2237,-0.14425367473338108,0.0663307200113889
train:2238,-1.5125956276842176,0.2426052700712543
train:2239,0.8741012438208401,-0.0714254113468015
train:2240,-1.181826148467331,-4.561688422716646
train:2241,3.699204825650021,3.2660916764184496
train:2242,3.0065108840249475,-0.14987772930703303
train:2243,0.2902307677029994,0.24114841787947094
train:2244,-0.5860756615232607,-0.0950517534135489
train:2245,-1.405816864858226,0.23016439147385329
train:2246,4.997910425860291,8.142780558830134
train:2247,-13.333365168760485,-7.2435712725962285
train:2248,-1.0056616228837623,0.11662921243851616
train:2249,1.188948263413546,-0.16811263404202598
train:2250,6.918236790572082,4.006013665702046
train:2251,-1.8149024550483834,-0.05573614610555924
train:2252,-10.81215656899286,-3.8917238708006514
train:2253,5.26029626979332,3.146450900036467
train:2254,-2.4421126779367213,-0.9574124185501716
train:2255,-3.6819077810698118,-0.9950474815162882
train:2256,-0.44757634460744045,0.10767239614308667
train:2257,-3.5913917967317275,0.09793950504122342
train:2258,-6.784811977659497,-0.36038802055218716
train:2259,2.403295233153481,-0.10519836086443013
train:2260,2.5313773989489667,0.1731246051306929
train:2261,30.046143118814868,10.21465491541503
train:2262,1.9568433755925367,-3.0780582262518887
train:2263,12.762779972912615,7.052466786195722
train:2264,2.339257869587582,0.08089225154953213
train:2265,10.194596211955218,2.2257639690372506
train:2266,1.504756032913206,0.11371201286510431
train:2267,10.506218570839172,4.3056256190527735
train:2268,3.7404840625789397,1.305537547132734
train:2269,0.05629618516891917,0.28756667893523946
train:2270,-2.15656748444404,0.07051296431753078
train:2271,-1.4953688448739926,-0.11240929416700368
train:2272,-1.775734868773898,0.11320335574702718
train:2273,0.6024747199213829,-0.4775042712403
train:2274,2.097709349852345,0.12452548827235954
train:2275,1.7141160601209906,-0.013680024637350408
train:2276,-1.711212364860597,-7.069601550582823
train:2277,-0.0940868619049744,0.06480453466594253
train:2278,4.081340137298525,2.75235954268617
train:2279,0.300056312601897,-0.20508304029432367
train:2280,6.192936396503586,9.912384049887407
train:2281,0.7573551365693981,-0.1360905606456035
train:2282,-1.1292015546647582,-0.013024640876181909
train:2283,1.8494165191927272,-0.08530003108476483
train:2284,-0.040577067123528904,-0.009365961742762802
train:2285,10.842616328969,11.17933301910938
train:2286,0.338987488846048,0.2581282641384343
train:2287,-2.626174042399831,-4.595420571242612
train:2288,-17.965037956103153,-16.76401532005767
train:2289,-10.026869861111306,-9.017315351003122
train:2290,3.0844559916467786,0.0008562559374217099
train:2291,-1.6608495897356592,-3.323730983304132
train:2292,-2.735655364726972,-9.176969346054024
train:2293,1.7897207781799822,-0.2569084313709473
train:2294,-0.07236026870910484,-0.07487994286110172
train:2295,17.03058308729268,4.710190847752107
train:2296,-4.2309866972858785,0.06945584771538481
train:2297,1.296057116940693,-0.2722534560776446
train:2298,-2.8901406023665617,0.01437736218818969
train:2299,-0.3215809564346812,0.0927255377571167
train:2300,0.31065129427602295,-0.17967814590922893
train:2301,-1.0226738467382366,0.17986618436834606
train:2302,-7.28511139182497,-3.718940801404878
train:2303,6.30993495340394,0.1522373506160646
train:2304,-0.36665553905216586,2.099071040834231
train:2305,-0.04856061292668351,0.7922603587235639
train:2306,-0.8010993012965025,0.1681531612235967
train:2307,1.7508779360671265,0.9293568264962855
train:2308,-9.805765811147838,-7.909862308654564
train:2309,0.1560456432679836,-0.0415054449858204
train:2310,-0.8804319521543874,0.06261183801614718
train:2311,-18.22787569885523,-11.603300463110054
train:2312,0.7867359984711079,-0.052926584113297065
train:2313,-23.35559577423271,-9.062755672206297
train:2314,2.306452200432265,0.08126045910015814
train:2315,0.8602281360427052,0.018208090258476264
train:2316,-6.764365880680046,-13.801622513965569
train:2317,-0.05708811101202371,0.1707627127602302
train:2318,1.5418063895354925,0.527151956563708
train:2319,-16.59057746981069,-4.478674668017276
train:2320,5.399933934711646,4.17651444745934
train:2321,0.46848044370161257,0.03907123509621351
train:2322,-8.297549783248341,-1.9872916482065164
train:2323,-1.9475215083188333,-6.934916621142447
train:2324,0.2126396939810694,-0.13903265453036143
train:2325,-0.8716522368783758,0.08682052150933992
train:2326,-0.8843439918795589,0.04782961020492438
train:2327,-0.0465159102454423,0.03231724436808981
train:2328,-22.41341091217777,-7.201493181363279
train:2329,0.5829979738037754,2.5171247064588407
train:2330,-0.63476799173376,-0.09931131987871411
train:2331,-0.12471648947330843,-0.4165304704004085
train:2332,-1.863423231077578,-9.02630069946055
train:2333,-6.073617149609387,-11.003804359583105
train:2334,-2.8544461746596554,-10.255970687098184
train:2335,0.29593668766818204,-0.0926279462515435
train:2336,-4.002808013238635,-2.8778297849055017
train:2337,-0.2018327672395273,0.062515541969393
train:2338,-0.28365446470489175,-0.42949805270835245
train:2339,6.5365915008940245,4.782829167061346
train:2340,15.131040348925184,5.895019118945349
train:2341,-1.5215471295997745,-6.115313719002846
train:2342,7.5441250234481165,6.902518862014401
train:2343,-8.03090809385281,-2.143809673331863
train:2344,1.9890188504585349,0.0034822134672059107
train:2345,-1.058460792824763,-7.318868789403983
train:2346,6.8482650005908345,5.37186823321484
train:2347,-0.8308153679806531,0.050007470130479084
train:2348,-0.07478585421699607,0.052359376244241355
train:2349,-1.6694003336450245,0.014074065306116504
train:2350,-31.271371631857733,-11.592163789637729
train:2351,-0.3455676248713838,-0.02542129462248098
train:2352,0.8689778642057246,-0.18260468976569616
train:2353,0.26428703334162995,0.1059761591121129
train:2354,-7.579489068614199,-1.7186074171786525
train:2355,-0.7121775155700546,0.06053384065759682
train:2356,1.7976164547683227,0.251614014901526
train:2357,1.1339663105965956,-0.11614986060536636
train:2358,0.7928384921941574,2.741607768079242
train:2359,2.717762648439858,3.0207276373590597
train:2360,4.54581355239311,8.351458514631569
train:2361,-3.6803177667065,0.0983412378822009
train:2362,0.189322040359807,0.025391347363908634
train:2363,0.050434285724528585,0.15178739842130504
train:2364,1.0102599387155806,-0.08613060232062095
train:2365,-9.14952783042473,-0.9327974370700811
train:2366,0.5055949587982078,0.32264269229146475
train:2367,21.475106534908754,9.305656184579624
train:2368,-2.040208885079095,-2.0096855435356202
train:2369,-3.161446798810954,0.07208480112217913
train:2370,-33.51553464122918,-12.891573228925274
train:2371,-0.34983276866349544,0.12281042001446496
train:2372,0.032629844187281376,0.0066969321598857046
train:2373,-6.493600382102476,-0.199134227177875
train:2374,9.147511314571988,5.7358541651511485
train:2375,0.17825458731237243,-0.12340715867119195
train:2376,3.5368511090362005,3.3186145361951938
train:2377,-13.40763464668748,-13.242546212416057
train:2378,0.2820163908672763,0.10456495837953154
train:2379,2.0096625369421988,0.5522400726201839
train:2380,-1.237727706082711,0.17570077403778492
train:2381,-9.759430375035237,-0.07832648537004158
train:2382,-3.2590216100724776,-0.9462221046132848
train:2383,10.230832732278389,16.84967794085836
train:2384,-0.274365665882732,0.1834846331533434
train:2385,0.03648818605895504,-0.7194755865813247
train:2386,-2.595976322241882,0.24822182616119853
train:2387,0.21411836084730126,0.012817080909151832
train:2388,5.947923086697418,0.5488141445982899
train:2389,-9.81451739897678,-6.525237573047631
train:2390,3.6138773092343226,-0.1733037755965317
train:2391,11.530122732504648,8.842002274983821
train:2392,-0.6215571574820979,-0.11653176359375297
train:2393,-9.240653320268752,-10.865544350243972
train:2394,9.720567368436907,3.384185438976725
train:2395,-2.4033844377363085,-5.095650715272665
train:2396,6.632145785131293,7.611576755696395
train:2397,1.7687065532613597,-0.07839011209130436
train:2398,-14.057287550380778,-9.763521548967491
train:2399,0.7148752528295867,-0.003928587630186359
train:2400,9.69032548121331,10.355358419107949
train:2401,-2.302220936161802,-0.2221502662994158
train:2402,-0.1788783296186559,-0.0014006380768764315
train:2403,2.503981730418994,-0.1841686802257942
train:2404,-23.038537611858743,-14.048982663078565
train:2405,-6.585863987490761,-0.964439034086217
train:2406,5.438662872286779,0.791346330913854
train:2407,0.562192961301378,-0.07412170065591875
train:2408,0.37159022195762625,-0.008602155765989591
train:2409,30.804142948622886,11.058328120062118
train:2410,-0.19166353283241971,-0.015078671218651224
train:2411,5.5019333561180925,6.40346452838042
train:2412,-0.33643643273611373,-0.21684043095098493
train:2413,-0.38688335774402194,-2.6578839076865375
train:2414,0.22080362737865822,0.15685242781976527
train:2415,-1.6662286734150502,-4.036114871110611
train:2416,8.82959584620798,8.825115800225007
train:2417,0.44013750784262023,0.03287604676088411
train:2418,6.939429543419217,2.359849437753981
train:2419,-13.989128934673483,-6.635780869575519
train:2420,3.4420083794723384,0.6319911032643069
train:2421,-0.10998886520401358,0.06683545395719086
train:2422,3.19594389350376,3.3126341950397338
train:2423,0.311639706713567,-0.019024954545042827
train:2424,-2.0920124363771038,-2.659577576822931
train:2425,0.5704229128391978,0.17859236599580067
train:2426,0.5174010479040376,0.15949165280488006
train:2427,-0.9367551890175817,0.023755027873137477
train:2428,-9.462625834217794,-3.422895938947544
train:2429,-1.6040249404482454,-3.8911101439960047
train:2430,-2.517090688579998,0.25219578568473133
train:2431,4.2703226427077325,2.839339267903712
train:2432,8.941514260725903,17.964327935750113
train:2433,2.6051968377228363,-0.7125482629690436
train:2434,0.27239936100988316,0.03754119790889698
train:2435,-0.44175094110676916,0.008038371756374035
train:2436,-13.820033231717684,-4.283401692567264
train:2437,-3.8609894251102808,-2.96401802794913
train:2438,-0.8194091070480538,0.06849031935326282
train:2439,4.4158796242557905,1.4770617775410129
train:2440,-1.1921282327587415,-5.768628548817611
train:2441,-7.174555182594911,-0.2497522798194161
train:2442,17.14778295302909,5.891901124281854
train:2443,-12.77337326799763,-11.940688713628806
train:2444,2.338220408461345,-0.05767747440812365
train:2445,0.6544235576195481,0.07130359052658515
train:2446,-14.81835768862602,-22.74118598167615
train:2447,-16.591901551947153,-12.125558862813165
train:2448,0.9368459071127073,3.348355891222047
train:2449,-0.38271770607873745,-0.049065041308049145
train:2450,-0.6826532269341105,0.05348225947980018
train:2451,-1.337078033383266,0.012250004189377176
train:2452,1.4412509987174804,-0.0545968568768497
train:2453,-1.506018221776337,0.012270975328448092
train:2454,-11.64829863101044,-13.13612695458383
train:2455,2.9020646071816265,-0.810291746301554
train:2456,-1.8237616710425608,-0.6871372341691184
train:2457,10.92394323906999,1.102917539967403
train:2458,16.323906317600073,13.495389041960335
train:2459,3.6041917041960554,2.391622568036943
train:2460,16.99347159415321,9.713964547611898
train:2461,-34.154757608598935,-12.581529061182033
train:2462,-0.04443261949631955,0.09104813195306376
train:2463,11.48851828649762,12.094744068032949
train:2464,-11.617266385769994,-14.278464559481584
train:2465,-2.5094153824034153,-0.11417029920572028
train:2466,-11.399527401292389,-5.266300434915606
train:2467,-0.16109062507470673,-0.1275433235357018
train:2468,-7.048610237860287,-5.918164468579633
train:2469,-4.808846268227328,-5.315285591925816
train:2470,-0.7555718900270104,-1.5604651987313856
train:2471,3.2684397150576445,-0.04960829367255276
train:2472,0.8059891197615946,-5.554952328876798
train:2473,7.372814458379214,0.09101046949922212
train:2474,-1.0094906750171644,0.0730178028196197
train:2475,-13.508265818891813,-3.0989546110583577
train:2476,-16.84676876655753,-7.116493017545383
train:2477,4.4241597867735045,2.4649231188262304
train:2478,-1.5317453050577932,-0.5027376873317673
train:2479,2.75987129636999,1.8219666834781811
train:2480,0.9045293300948772,0.9161394451100209
train:2481,-4.810409317434771,0.15544379498176403
train:2482,0.5446209780043809,0.14276224759788259
train:2483,-9.482670243358093,-1.4036126340065749
train:2484,0.37287106686140514,-0.01853020685594131
train:2485,3.270656436836671,0.009809933695031067
train:2486,-2.4471328460931656,-1.1705528044886
train:2487,1.8678434838973645,0.09665869628898774
train:2488,10.21952131430781,4.328482448710348
train:2489,-3.6319055486755025,0.5562513379455334
train:2490,-9.007638110074861,-16.914378672517728
train:2491,3.6560171065686475,-0.0901469321047256
train:2492,3.8808072468477635,2.9773282217038326
train:2493,-0.2711391455080585,-0.03814464162369427
train:2494,5.7894758308110035,1.3586204932495622
train:2495,-5.713692757900313,-8.699321552283093
train:2496,11.32897940671499,1.6995027923269859
train:2497,-3.230508747239862,-2.371069484958225
train:2498,-13.47352261030401,-10.108495930719132
train:2499,1.8236387600148967,4.045151517640767
train:2500,0.9770416561838198,-0.1684538786995608
train:2501,-3.523521894158823,-8.048982277356412
train:2502,-2.376705902877508,0.04749863712570998
train:2503,6.187517330006872,0.5610941018020039
train:2504,1.8762594020273848,0.0018177897968635337
train:2505,-6.535351741717343,-6.699553104864492
train:2506,-10.311709311386588,-13.491371773369437
train:2507,-2.436571803322116,-3.3569846474733382
train:2508,3.389243845809135,2.2382767486828947
train:2509,-1.610984042786617,0.1253089814409136
train:2510,-4.653119703584802,-4.716368120644252
train:2511,1.8929750091672997,-0.0028810293023108086
train:2512,3.511069862984766,7.812927652295911
train:2513,-4.4395468356889625,-2.3049199499313087
train:2514,-0.01085379423393057,-0.15476043819030535
train:2515,1.7805740113426154,0.028651717515790417
train:2516,-0.5900569738040268,-0.2624970259421303
train:2517,4.883245284775569,0.8588548528168898
train:2518,-1.9054349439215255,0.05966731889761914
train:2519,-2.561160121766641,0.023220620478854245
train:2520,4.911078904630173,10.06399939361608
train:2521,2.9150325225722273,1.9586404472708545
train:2522,-4.975133875640903,0.11363875653916612
train:2523,-1.4131697514555817,-5.363010198018811
train:2524,-0.5724566306017193,0.09171321664931267
train:2525,-7.678917036966998,-3.198830588178841
train:2526,2.486202626829934,0.14535953030485552
train:2527,1.792011189221168,2.4498826749488964
train:2528,1.1905817474677844,0.18852897673435276
train:2529,-1.3488148499335009,-2.7605369201346015
train:2530,-1.081018540458647,0.05375987741607226
train:2531,-5.806866204840938,-9.976894186704609
train:2532,0.6008847055580713,0.08061463361326004
train:2533,0.6338031169599092,5.742043932375697
train:2534,0.9954882636097583,2.8098909381806116
train:2535,-9.659814580424316,-15.968393700080112
train:2536,2.352522866609222,6.0687286276413035
train:2537,-0.051868377456324444,-0.025398611553689984
train:2538,0.06019067429695174,0.16841708372210817
train:2539,-0.2569550086044687,0.04568855676835127
train:2540,-5.2184465209613995,-12.06725396040687
train:2541,0.8726011907965052,0.14383619817560928
train:2542,3.0846670637289257,8.950631634084665
train:2543,-1.029739414950643,-0.010250458764801268
train:2544,16.820572874386915,16.662334623871732
train:2545,-0.5869782968701525,-0.11190855472388192
train:2546,-17.64117341645466,-11.138284428100313
train:2547,-4.8171143429165495,0.03917409354022799
train:2548,-2.6388476656582744,-0.10550764950052358
train:2549,-26.19385137837877,-8.038734095408806
train:2550,-10.443039848631331,-2.6494175592559093
train:2551,1.7706531585652154,-0.33063439669567335
train:2552,-1.68959026164372,0.5752534725167398
train:2553,0.8903477502319301,0.14753781821284023
train:2554,5.065729652536821,-0.09806046989657974
train:2555,-6.927742181092727,-0.25179461197546493
train:2556,-0.47172643118703905,-0.002002524034292602
train:2557,-0.888175833511844,-0.12209539252318491
train:2558,0.986978316121557,-0.13085162771974568
train:2559,-1.7869881721844125,-1.982435188912285
train:2560,0.14034669224180302,-0.24104183874286733
train:2561,-5.033334445252359,-4.441479570989219
train:2562,-0.9763839724407236,-0.14816950876801874
train:2563,0.8152544403014891,-0.17139839781808885
train:2564,1.5887078614631038,3.438707547344896
train:2565,0.6000683122183124,-0.13246369487281576
train:2566,-1.5252997029721342,-3.85880631549982
train:2567,-4.744912813494821,-5.176834417101276
train:2568,0.10519807648300408,-0.30028416533171354
train:2569,-0.29483710081037035,-0.029107649953041284
train:2570,0.936993285637026,-0.10725552974471958
train:2571,2.0395785177129646,0.16285445341834628
train:2572,-1.2205162655163422,-0.1241719632736352
train:2573,1.8439128378965624,0.331387086640795
train:2574,7.6980505016451835,10.334275433961993
train:2575,0.16171646203888845,0.03360390221353576
train:2576,-1.1626160319512904,0.9349612564173793
train:2577,0.32233418051452006,0.15347536112529844
train:2578,24.939188073122462,12.463305417467774
train:2579,0.6623271377880565,-0.24037547009932836
train:2580,0.03352736545288759,0.04259224654797663
train:2581,1.6847993566935902,0.06952090104474763
train:2582,-0.9101456942561356,0.08844257491911045
train:2583,-0.09081059546688736,-0.09930675473279393
train:2584,-2.0613990808855873,0.16431986525873002
train:2585,2.640077196672386,-0.12626822121586637
train:2586,-15.575687108869158,-11.068581497617762
train:2587,10.34823716126622,7.724586942950909
train:2588,0.1888029611093282,0.11124747604184214
train:2589,-0.6831411567803957,0.0066762463424347995
train:2590,-0.4319607298603896,2.8366104519299133
train:2591,-32.5582083792373,-14.333282831691328
train:2592,-0.33081047840557715,-0.084154036797985
train:2593,-4.36624531387437,-1.0524309377507535
train:2594,3.5916812666222677,0.15283695400052066
train:2595,-3.090953372538585,-2.2809764728839172
train:2596,-0.7553057253419239,0.12152932594060925
train:2597,-4.6342115503228465,-4.212455901107939
train:2598,1.9449508120213341,0.05036640472845469
train:2599,1.3102363722212376,4.119477799653999
train:2600,-0.00481336686102779,-0.18309601359535754
train:2601,-21.207097699220885,-7.821635727957566
train:2602,12.810669159903048,3.9726872445197365
train:2603,0.20787360268121852,0.03789699396905245
train:2604,-16.73684391390799,-7.823624990292292
train:2605,-1.8056950166103114,-0.4836726393433483
train:2606,5.055902247972002,0.45788100301385565
train:2607,0.5674839433077139,0.13247041144241503
train:2608,1.1792977595695566,0.02421453834216747
train:2609,-1.0700244279860116,-1.442524653883057
train:2610,-0.09258587904767854,-0.18875308535534352
train:2611,-1.1925194599770825,-0.01227980878713951
train:2612,-1.4582029565063017,-7.392255222000895
train:2613,14.38301204779094,15.98480419855787
train:2614,-0.7744479640518113,0.26346199517254126
train:2615,0.3527201918470719,-0.027363336229095425
train:2616,-12.662058315071397,-6.817834894370355
train:2617,4.631002523697619,-0.10439232728789508
train:2618,1.5247337265385528,8.242303022463423
train:2619,1.889763133661762,6.198630996087032
train:2620,-7.918770238756091,-4.341390173296966
train:2621,-4.469212226476738,-1.534857868656892
train:2622,-6.511183523395005,-4.839891838952983
train:2623,-0.1723104544986253,0.007888863227487539
train:2624,2.4925141005109688,0.3493376683814456
train:2625,-4.019259547817626,-0.15489682192467127
train:2626,10.014413180772443,0.839661267438655
train:2627,-0.8326624811576816,-0.046681464494465474
train:2628,0.8589056811139215,1.831460332401664
train:2629,-0.875574272307878,0.08773840116091983
train:2630,0.5616448247708679,-0.11864870735343502
train:2631,1.399436410461265,0.9509857745621362
train:2632,-2.411285228405934,-4.727014040930155
train:2633,1.1931950430046778,-0.009952582993508319
train:2634,-0.2070276277635198,0.0033570999368304627
train:2635,-14.828364550952314,-11.063699074056109
train:2636,0.12341873449941937,0.17045656266195686
train:2637,4.508535154237138,1.7875336423926538
train:2638,-1.989688503267268,0.08744266530177697
train:2639,-5.314430388026651,-12.919354424422643
train:2640,3.284013952237931,-0.061061959464710824
train:2641,-4.413459442135118,-0.5448798689336123
train:2642,5.971950435326165,0.5343471971771808
train:2643,24.075536902953665,9.350011142340271
train:2644,-0.22646636695884642,0.017552135854067744
train:2645,2.7390913893575393,0.24592413115523862
train:2646,-1.7960733375881133,-3.6949983229831567
train:2647,-0.24467400731380767,0.05007395006794197
train:2648,-1.5148455909915999,-0.0027647607421557446
train:2649,-4.210944147811502,-1.8350978148932682
train:2650,-3.727616044850219,-0.1967275393130703
train:2651,-0.5830404542803131,-0.14160682618611337
train:2652,-12.366962807236273,-6.029304087293346
train:2653,0.18644211522134663,0.008602167277518544
train:2654,-0.48891474215850295,-1.4826738283039127
train:2655,-0.8557307070871555,-0.2429099820498986
train:2656,1.2114641685641852,-0.1336831594767488
train:2657,0.09470595758018888,-0.08086185328547182
train:2658,34.030135178174525,13.247915905485813
train:2659,-23.112303120320878,-12.985211219467427
train:2660,-0.7687273992174929,-3.286219179277861
train:2661,2.786058182050661,9.466876595324393
train:2662,0.2670402687391539,0.013151049865376366
train:2663,-0.5085954703819301,0.0009907850812575641
train:2664,2.3285645580778302,-0.28252945688320147
train:2665,-11.291549618863186,-7.420314891399395
train:2666,-0.918158762255802,-5.380179711824678
train:2667,-0.8789909435230762,0.07090128704236766
train:2668,-3.3716220570672966,-2.166071607411711
train:2669,-0.3275409532564574,0.1615802070633709
train:2670,13.152611511979323,5.746753451035622
train:2671,13.862801190598592,1.097447068546905
train:2672,0.9383108589427644,0.013548502882053642
train:2673,0.43585214018360685,0.05791786938451307
train:2674,1.5130991916140277,-0.35478544522162353
train:2675,11.239357456768907,2.449547707367002
train:2676,0.9997472472585033,0.08016354013202043
train:2677,-0.9148504165805603,0.24130620073533782
train:2678,-1.066794188279494,0.07107504790895522
train:2679,10.295457982733879,0.043123515404439726
train:2680,-12.345969968475753,-1.5619789725863613
train:2681,-0.02234281030005897,0.042295226741543714
train:2682,3.989567018797168,0.28086804060139814
train:2683,18.27213325013966,5.776450295889753
train:2684,38.186417846543975,20.95587718754804
train:2685,1.3426654590273488,-0.16957148348514944
train:2686,0.05147895305621322,-0.1248915443993065
train:2687,-0.8374055590917477,0.06653244239673768
train:2688,-3.1550974344367586,0.09112773668504721
train:2689,2.2308809563598695,0.18150521441450734
train:2690,-0.6567327383967659,0.41428657003134994
train:2691,-1.273557889401924,0.06345211018708373
train:2692,-13.512914053863858,-5.262843478167536
train:2693,0.10087865369179404,0.014704626086343917
train:2694,-0.1327750030589438,-0.023293080658808432
train:2695,0.7263535758166637,-0.12058290261549912
train:2696,-2.0145764123014205,-8.925511407834408
train:2697,1.9242959675421383,0.49213101028014505
train:2698,-5.773424762398537,-0.4337590457816178
train:2699,-2.2028076126781393,-0.06613098336585127
train:2700,0.17404999889184603,0.100367164045099
train:2701,-0.6489465496395838,-0.05970825103856195
train:2702,0.5021387696821671,0.42401903315078315
train:2703,-0.7033696728469725,-0.4158916352932008
train:2704,0.1016422790110161,0.12773792439207923
train:2705,-12.362729277764835,-8.734375595874576
train:2706,37.782855464142166,13.005849043067288
train:2707,27.444935410414562,15.646208466943225
train:2708,0.5248094920208131,-0.0033386851808107076
train:2709,-0.4334884454153143,-0.0890913847714897
train:2710,-0.5202783566204272,-0.17150824664179365
train:2711,1.7450842631162495,5.020769137568013
train:2712,-15.705153331027093,-7.294255805175233
train:2713,2.0480553399019303,0.16798624807588947
train:2714,-1.5220378489449429,0.16018041919559
train:2715,-13.493421035669432,-13.984473727366721
train:2716,4.927113874042636,4.831203735804729
train:2717,5.080973799015952,6.205134617093595
train:2718,-0.1570156321231198,-0.021086688571252482
train:2719,5.901914951787089,0.5099299435797591
train:2720,-0.19487134031875308,-0.06261953018835856
train:2721,10.783601690600186,5.077625176787885
train:2722,3.3581537184668653,2.252913319807101
train:2723,-5.503223672428295,-2.3496883387193552
train:2724,-12.527486380124603,-12.076621639835116
train:2725,-4.542775496269852,-5.232338031842289
train:2726,0.639287969138614,-0.09251210567381846
train:2727,-0.08906925078917274,-0.05484351741735041
train:2728,-9.064242621408757,-10.5902146933644
train:2729,8.401511908958648,7.226601424105494
train:2730,1.0111637363536736,0.11750700440248434
train:2731,0.4160320532451497,0.0011932207706563669
train:2732,-0.39197605287142445,0.016131519508025965
train:2733,0.9399018031390372,-0.23697158317258032
train:2734,11.779520669638416,4.815927616269264
train:2735,-4.017398487146182,-8.554053473313216
train:2736,-2.632764698427406,0.28970102731374225
train:2737,-0.48681878243528653,-0.14140952628587478
train:2738,-4.347770927688721,0.07232532724784958
train:2739,-0.6236876372539916,-3.3821716988015535
train:2740,-6.861127088100694,-0.1207934699710683
train:2741,5.441811286692729,4.464966330964903
train:2742,12.51286504865253,9.046063726973454
train:2743,-0.38247966884072115,0.08763625602095539
train:2744,1.283611767674175,-0.15135512465545728
train:2745,-9.18458439272039,-2.498786004473039
train:2746,-0.09152052293261162,0.07777183165226642
train:2747,4.247730026337811,0.08321576816210316
train:2748,-5.301701904623508,-8.602757873849333
train:2749,-0.9281786422435486,0.10086747550579075
train:2750,-17.045756739543588,-13.856691869200924
train:2751,1.0372157962549997,0.509582992489824
train:2752,-0.44606850423205724,-1.0369128654815187
train:2753,0.45509108152143835,0.022785790329955327
train:2754,6.062226057843831,0.6063238556496109
train:2755,-2.035249156065116,-0.3377580215825231
train:2756,5.998835625560548,2.880415024285558
train:2757,-2.064147667118306,-9.93347736643056
train:2758,2.918037277785702,4.159927560401538
train:2759,-0.9655156198760636,0.15190124174768999
train:2760,1.7456564590746253,4.199479984654138
train:2761,-0.4814821223847414,-0.08789117937690752
train:2762,2.8869624926872888,-0.20900107678033403
train:2763,-1.7476890145459456,0.5411013305661145
train:2764,-9.732349919879043,-9.37765030748975
train:2765,0.33092909148953287,-0.0640509887559608
train:2766,0.8964081690134944,0.03176857089280595
train:2767,-0.11189037360926063,0.03757030071413824
train:2768,-14.015032221301048,-3.936454026491617
train:2769,0.06450939971344104,-0.4264368370472394
train:2770,-3.3531490656310896,0.18853254325460292
train:2771,0.42625370698543374,-0.014287189044736803
train:2772,0.789872092590324,0.8402601575190611
train:2773,8.849263672999072,9.805799305515572
train:2774,7.386858190505692,9.785038163156988
train:2775,-13.344671937566257,-2.881212558032369
train:2776,-3.4581885759035287,0.10828269908829322
train:2777,-0.7670353356867112,0.2369921378407502
train:2778,-0.9547874396302741,-0.06659291906865134
train:2779,-2.8983570713264473,-1.451866797026313
train:2780,-0.5035871575957384,-0.050884965261298265
train:2781,4.157856556575778,0.42347264224845943
train:2782,0.03108678638850021,-0.06317505138252272
train:2783,-10.66325311861816,-0.3435437733931347
train:2784,-0.02330948789213963,-0.3993372749000809
train:2785,-1.9243928432468942,-6.76780603087414
train:2786,0.5973327436470475,-0.16121812241604616
train:2787,-2.015870739783134,-0.004823641552165275
train:2788,-3.510178326251978,0.12752478914192997
train:2789,-0.5714356740105402,-0.10046230729384417
train:2790,-0.518491915044104,-0.10555701014078572
train:2791,4.8379972883108575,7.104472357875383
train:2792,-0.8577702956871113,-0.2640734278926989
train:2793,2.4088017039485288,0.0265817091626004
train:2794,1.0917663065780454,-0.1448477944678343
train:2795,-0.2682822337353829,0.2061677019443298
train:2796,-6.933311880529123,-1.6275818313893342
train:2797,-3.1549765561518286,0.08851647321869366
train:2798,-14.488452954062865,-14.05920060093445
train:2799,-5.671792625011686,-5.1037972181672595
train:2800,-1.1219953492170003,0.09564238067850354
train:2801,7.241185909670469,4.6226804243213415
train:2802,-11.885311193103675,-9.564456078544273
train:2803,9.244075397404902,0.7088027862442647
train:2804,1.1090881648085333,-0.1277681569722716
train:2805,10.561535263522083,14.652476633326252
train:2806,0.3433767653384533,-0.012205197183506267
train:2807,1.596579594852698,-0.07341752689772812
train:2808,2.3439151704309955,0.14629267466310608
train:2809,0.053115923984055485,0.0793833281620965
train:2810,-0.32147518793536733,-0.00926952303519861
train:2811,6.316064877199339,3.214290965661957
train:2812,-5.6270248872713315,0.06445045053550714
train:2813,-0.10801854915965242,0.08123706272731712
train:2814,40.096235239130536,13.22322873763586
train:2815,-0.04309017315887437,0.07465697552659098
train:2816,-24.16146340487306,-6.092499972909894
train:2817,-7.760145384774123,-2.0813949983109086
train:2818,-0.8855792749682486,-4.648129460715604
train:2819,-9.72422689913174,-4.614055782210483
train:2820,3.5005371801190273,0.0957887506695699
train:2821,4.105492083544046,-0.290383790438903
train:2822,0.7231251957760682,0.10281679281371552
train:2823,-4.172902821711029,-0.03443774313649306
train:2824,13.267049773821562,10.19620259560559
train:2825,-11.219822304251569,-7.408436381715038
train:2826,3.7703386743742797,0.7658441418563351
train:2827,-1.2129218548073664,0.07346062197387895
train:2828,-15.682919165263637,-5.617126192450462
train:2829,-12.374389383095789,-6.490169834018387
train:2830,-5.57517182236815,-2.6327433637823843
train:2831,7.337303207765624,9.3009694916493
train:2832,0.3594982092162887,0.11701496726877293
train:2833,-3.715733709441587,0.0746852223669722
train:2834,-1.9203094817986583,-0.03423316753494415
train:2835,-0.029130125998885786,-0.1423894633898074
train:2836,6.6089794618244335,2.301310571619276
train:2837,0.24246245899749486,-0.11242527217772438
train:2838,0.6223591977923895,-0.07623764578993075
train:2839,-0.9888674448586426,0.06690421646761385
train:2840,-25.473937506653353,-10.981429438141731
train:2841,-5.532091731452012,-2.5999376545565975
train:2842,-0.2633924746517189,0.025729596144433348
train:2843,-0.18695950788271565,0.14624502595256403
train:2844,0.5471533780736673,-0.06215359998287831
train:2845,2.1092188222436152,0.09023468001440837
train:2846,5.479552741663278,6.555783475224043
train:2847,3.6686051851946795,9.818529214914046
train:2848,-5.434881879627682,-12.041810119620642
train:2849,2.274887625821645,1.8004883852276972
train:2850,-13.119504517563215,-2.670548193112408
train:2851,-1.4039832342591319,-0.44414632201897947
train:2852,0.10101324701289893,-0.04725082378720025
train:2853,-0.19438120211918541,-0.09090132246803842
train:2854,-4.551757682673122,-0.07514571995014327
train:2855,3.943246460011942,0.03735944803694907
train:2856,6.829726455930877,2.6455799236478663
train:2857,-1.5931765792922463,-0.003248095566456763
train:2858,0.37259258188958533,0.09902914830805082
train:2859,-2.9326172316910095,-0.5001539574017451
train:2860,-0.48808870180177366,-0.1762608488663403
train:2861,0.8792297375172412,-0.13930856053691343
train:2862,1.5818775409898307,-0.023831197234151835
train:2863,-0.4139549794870857,-2.466003120976853
train:2864,-40.18164847325545,-12.754315269115626
train:2865,-3.945917578269229,-3.483204655091187
train:2866,4.1140981525145905,1.7515758425697803
train:2867,-5.158180792343561,-6.599852600540316
train:2868,-0.3824155103664121,-0.004833913130485729
train:2869,-0.10050782341716682,0.10873150999657272
train:2870,-0.3077521319513139,0.04222760551760077
train:2871,2.227227875114337,6.518494222061381
train:2872,7.809272006358838,1.4710283665642305
train:2873,-2.3449260719364156,-2.337399251223801
train:2874,2.248907627974796,0.07175668125916486
train:2875,0.8406874639090288,0.3719218732310977
train:2876,-0.9665402957990866,0.016201993948169027
train:2877,-28.028110544554387,-13.049725861611673
train:2878,5.991578279299936,2.4334900919143236
train:2879,2.955790820584745,4.642823845372597
train:2880,2.8258508485331792,2.559837923617938
train:2881,-1.6267860890423487,-0.3005455199356449
train:2882,-0.9084929161679561,-0.14290789277336993
train:2883,3.528135552234498,1.5605433170363932
train:2884,-0.018682987765559017,-0.16135079696935195
train:2885,-2.423563207739472,-7.001886741148519
train:2886,-3.529424008878777,-0.05569762768685757
train:2887,1.7251720064855331,3.130513975629054
train:2888,0.5039393912111456,0.13789993921044114
train:2889,-0.09196521554621037,-0.23435347198734652
train:2890,0.8812607251623076,-0.1260573685386772
train:2891,-2.327112796986039,1.2915025766443238
train:2892,0.58308584301859,-0.058958996464409386
train:2893,-3.8755608374421278,0.0455236408719841
train:2894,2.5194044048266373,-0.08864856561723045
train:2895,2.7799503417880858,-0.19506682482378812
train:2896,-0.49764552497494197,0.24546219545243853
train:2897,-2.417662022852479,-0.2121257765018999
train:2898,-6.8843701226268355,-1.3043443919367181
train:2899,-1.2849016190678957,-0.7737700082967258
train:2900,0.13237395574682004,0.0847091415212481
train:2901,6.523332082870151,5.405519065079103
train:2902,44.614475843894766,16.517729061703527
train:2903,-14.294727835636072,-3.1155084008082374
train:2904,-2.0260370684622386,0.1596628457768875
train:2905,-3.945217878966076,-7.363574122114007
train:2906,1.0978504361001153,-1.1669129565821017
train:2907,-1.469733582597435,-2.561569029705429
train:2908,1.1480867539423567,-0.044086179038832635
train:2909,0.7573188730839191,2.772907549794603
train:2910,-6.882092031872383,-3.7080603467473248
train:2911,3.082106536212569,3.7735170610619755
train:2912,5.538666872158918,6.986959795457073
train:2913,9.295874531996347,8.64121574454869
train:2914,-0.2330596962561844,-0.07778294768391794
train:2915,2.9518013722655705,0.564914629624375
train:2916,-5.88054895816954,-2.7444513431631616
train:2917,1.9335017787725288,3.3367858142089237
train:2918,2.161305740136489,0.9605817112863935
train:2919,3.067544189752092,-0.09191835138257262
train:2920,-0.08962901023169534,-0.13744398375013234
train:2921,2.4927358656721674,0.2032605599580234
train:2922,-3.0019864899135285,-0.23057067794922198
train:2923,0.5628559322025717,0.21450479968109232
train:2924,-2.0364721188670725,0.1510096116851512
train:2925,-14.737674222934041,-12.433127580181178
train:2926,-3.804485335736172,-0.08562073258565878
train:2927,-27.266722403436482,-8.212467571120841
train:2928,1.8551570754357072,0.049922658278930394
train:2929,0.8017349015067747,-0.19491460573951147
train:2930,6.768862379802634,4.6110872362569975
train:2931,11.801699975257172,12.118117615144364
train:2932,-4.65613701154325,-2.569082974568456
train:2933,-1.8556544766884149,0.32145361444006304
train:2934,2.214189989793421,0.07440189799829988
train:2935,-1.6339627722935943,-0.04014931132590144
train:2936,-0.19468037587438747,-0.06169223492331824
train:2937,20.13731866059817,15.654479370064145
train:2938,13.514335130467934,3.8437512604009894
train:2939,-7.378399673136279,-13.858115053441546
train:2940,1.0107411272728988,0.10995097460050576
train:2941,0.0907614899305025,-0.02992866291462698
train:2942,0.04135888356691854,-0.03596335783869942
train:2943,8.383316937577781,15.243192819962179
train:2944,0.878628600507954,0.00410350129478293
train:2945,3.0172134938643094,-0.10612608411190047
train:2946,-0.0699615321279625,-0.17200984204977543
train:2947,-14.102949787429615,-5.679918062653073
train:2948,-13.902018463555065,-1.7002064552608123
train:2949,-3.992649123223218,-0.17562229908075255
train:2950,-5.945829275946058,-0.1961865695215268
train:2951,-0.3397239733988529,-0.24096194868926385
train:2952,-13.897789583248432,-18.950584402741633
train:2953,5.438493642687877,10.17716707840484
train:2954,3.3440239767914943,8.24547408694824
train:2955,0.7386018004954493,0.15248700703357546
train:2956,0.2910480908757193,-0.03238057425620361
train:2957,-1.6668549159142843,-0.040347609851810046
train:2958,-8.745182528669757,-10.262883459307846
train:2959,0.6072191926048905,0.0208373289868906
train:2960,4.620081170654182,3.815037063206181
train:2961,-0.26791123038394354,-0.04091197601619459
train:2962,-14.202149946706967,-10.586295515591909
train:2963,0.9457155837276959,0.03809186863552093
train:2964,-11.678545167398843,-6.760778559373234
train:2965,0.6711796124932666,-0.176552447561993
train:2966,-2.564034235449095,-1.3500681801693764
train:2967,-1.1373182990395763,-0.11903489016612182
train:2968,12.446218341339822,2.4335485828464263
train:2969,0.2358743600105625,-0.09326307217769111
train:2970,5.031737284065027,0.07224600783748614
train:2971,-4.905470325286228,-12.532792704624473
train:2972,3.5483659279669966,5.401351086853962
train:2973,-0.8845243794739931,0.0571159729714682
train:2974,20.728900706378074,8.932270617193625
train:2975,-12.022708890418949,-6.5960589642806315
train:2976,-7.68765095796968,-7.739336989237947
train:2977,0.35934199727884053,-0.11059664591506488
train:2978,-1.9857053313205797,0.20250388702175048
train:2979,-7.846407848232109,-8.175798036516847
train:2980,-1.2018566101132144,0.06031728154800741
train:2981,-1.9115934600804754,0.05739587348070037
train:2982,-0.43623633427331243,-0.025288334747555194
train:2983,-1.499142804404455,0.18185116687877237
train:2984,2.8887470745976898,0.26871362491048967
train:2985,0.0953721828967461,-0.11480913431292805
train:2986,0.07343137943248591,0.9891195797200343
train:2987,-0.2686625354164323,0.04263019432343828
train:2988,10.518670893852898,8.81737901917675
train:2989,-15.756502426465413,-6.9155940703919665
train:2990,2.138244952870703,5.769436519826608
train:2991,-7.240404093227081,-4.029252886149313
train:2992,-0.2709462051686508,-3.8357277909434964
train:2993,-9.043450626567815,-8.537423788012413
train:2994,2.31412006794516,0.07314762415672535
train:2995,-1.949000872559786,0.003598482027360961
train:2996,4.722429744337485,0.11448016999658271
train:2997,16.197504824881598,12.00053201039133
train:2998,-11.25786270051908,-9.230422068990388
train:2999,-22.031082195273378,-18.645564178083568
train:3000,14.219075987935737,2.668010768126762
train:3001,0.16219718567972596,-0.5156254152513102
train:3002,3.5071799067924183,1.7666282699551548
train:3003,-17.48184839825306,-2.4011343947021726
train:3004,-2.554042250450178,-9.816324309253467
train:3005,-3.5814625754576785,0.014181916878481193
train:3006,-4.097116786224642,0.12639291827534074
train:3007,3.158362369802502,-0.04530592896438568
train:3008,2.061416574635034,-0.7124713687924502
train:3009,-18.74766348205032,-4.307581558576835
train:3010,1.8619078951908148,0.2376839001084703
train:3011,-43.22080006762354,-17.49033231853421
train:3012,-1.6091162408262063,0.13762032402282898
train:3013,3.289237288896354,-0.043732950873257265
train:3014,3.0375208132743308,0.2900332843402467
train:3015,-0.24621613527962788,0.06040573125021125
train:3016,-14.706450432103628,-4.877788256523032
train:3017,0.04513958438634863,0.02540447215842921
train:3018,-6.902354951758517,-6.901269783780863
train:3019,-6.076343884767522,-5.379590808000972
train:3020,-2.846323618828831,0.23962594171508475
train:3021,3.2533624735950135,0.3048125162744594
train:3022,-2.2254320758269754,-0.2310440265168226
train:3023,0.9084427645694902,-0.17284355182345174
train:3024,-7.252649993323464,-7.196775673697994
train:3025,2.6179006805525122,-0.42345636740458975
train:3026,-2.6435442519442907,-8.315791089375935
train:3027,-0.16444813566776123,-0.04020395041613381
train:3028,0.09132020331094398,0.002955795078283016
train:3029,-5.185075745824035,-4.560794510081147
train:3030,-0.14903603811004945,0.029761047974398658
train:3031,11.60545036034126,3.392413543854643
train:3032,-0.7120375757094239,-2.42177712858845
train:3033,4.306614488092082,1.4894341789496108
train:3034,-4.925705815100012,-0.12611386221943965
train:3035,0.9350229695926648,-0.042780547305655864
train:3036,9.522068487588333,1.966493354218456
train:3037,1.2903028456615382,-0.5865569406296347
train:3038,-3.664060102299878,0.042161696223377905
train:3039,-4.399755099039405,-2.656682133023045
train:3040,1.2244901985148484,0.25624250222136735
train:3041,3.497338554733184,-0.03583524843131383
train:3042,-2.0425304455244744,-2.2058502917089804
train:3043,0.20648977877700878,-0.021509820533730878
train:3044,-5.6757128007752655,-0.7432363151310981
train:3045,5.3286045886073365,0.04260622730735723
train:3046,4.496326447459195,5.047444426466212
train:3047,-0.9610503295390965,-0.3381788709720414
train:3048,-1.4557354122860455,0.1285468111848144
train:3049,-4.949755944636303,-11.93410120806596
train:3050,-0.9384091293969622,0.10194912976725778
train:3051,-2.7315324853778935,-0.35656756406022105
train:3052,10.10516301810022,4.180032748355712
train:3053,1.5375719302310937,4.533586465899507
train:3054,-20.091145653414074,-5.325384265344535
train:3055,13.448439728187715,7.986012306644038
train:3056,5.572194789066692,8.81001829202367
train:3057,0.6979822800523607,0.267089574249379
train:3058,6.315521389833633,4.676630177519767
train:3059,-1.941103336305524,-0.05073745398375187
train:3060,-1.464059044494686,-0.8624347003412514
train:3061,-1.7380533880293325,0.3114071548778062
train:3062,21.917450390447996,10.715362402515364
train:3063,0.39417795670450284,0.09150008139916341
train:3064,-0.5537939532414681,0.07936135839735554
train:3065,18.304104626670718,6.250618877826253
train:3066,-0.877045732968662,0.09125869930863291
train:3067,3.438633318282145,0.20101136962746557
train:3068,0.35840495811239176,1.5970549261237108
train:3069,-0.29928507300843876,0.06559986868172712
train:3070,-30.57707279854197,-11.232477083871768
train:3071,9.98545632270095,16.24557788767089
train:3072,3.7089178607606375,0.3878239884008692
train:3073,-21.859818121852523,-8.460050271097447
train:3074,-3.4985182209210253,0.1999476906280593
train:3075,-0.1091693336780113,-0.05197318192002559
train:3076,-0.3504248398014128,-0.020088918866069103
train:3077,-0.7212475711881389,0.10599299308769364
train:3078,4.360398351138783,-0.20713407475978285
train:3079,-7.339459198562517,-3.125113182502715
train:3080,0.33040699028193077,-0.5571074696200542
train:3081,-0.28998685962754883,-0.2707563735374395
train:3082,0.09159845582452353,-0.0063729379488326465
train:3083,0.07556302149558071,0.038637974216224676
train:3084,5.2877579564635235,0.3551826244282098
train:3085,-0.6645649538855176,-0.6065624086776147
train:3086,23.463736569269756,7.860344681682533
train:3087,-4.372215306400477,-4.54660460995307
train:3088,-1.9535940149288908,-0.43961356010265235
train:3089,0.9918008947737886,-0.1532508014988197
train:3090,0.26602279902157855,2.3084567369141062
train:3091,1.3789645106171462,8.049813644738252
train:3092,-10.50349200875785,-5.333471991985407
train:3093,-0.20851373329343964,0.14715948174470378
train:3094,-16.66281061355309,-6.217863445024466
train:3095,1.9463781056164704,-0.11627625808303185
train:3096,2.6296588832608507,7.402797225398236
train:3097,0.23717077961643815,0.066539860758858
train:3098,0.4586509470126307,2.1095004020105446
train:3099,-1.0790170750100927,0.2214092975637726
train:3100,4.377452417476502,5.161127972743956
train:3101,-1.1966890634324514,0.28310153824285533
train:3102,-3.2959262153781266,-3.029398050566873
train:3103,-23.01674232725288,-6.546155071653981
train:3104,21.628346726213564,8.905783069921394
train:3105,7.136707553589995,2.457339840809541
train:3106,2.394056412852975,-0.09151690386321518
train:3107,-0.015368365717830679,0.06113415734610293
train:3108,-0.6158844790452711,-0.16028711796994566
train:3109,-10.14322822801801,-3.855231520922685
train:3110,-3.663226971966821,-0.015237024717758105
train:3111,-2.4040057986124976,0.05835198622936195
train:3112,0.4817605505088691,0.028732178212633908
train:3113,17.145372825994176,9.348714070255696
train:3114,0.07574236302793379,0.10804174498019273
train:3115,-1.482239371006418,0.07686222632766687
train:3116,-8.842647619641882,-2.4305433500417113
train:3117,-1.5628865732129182,-0.14288135786270878
train:3118,-0.9907731375122143,0.0026583472894200766
train:3119,-0.6422656998147915,-0.23579434616840916
train:3120,3.8253929217039477,7.0889965132059105
train:3121,2.6448332922679065,-0.4261266924462858
train:3122,3.001078334950299,2.9703495401999493
train:3123,3.461722232995001,-0.007383975109346616
train:3124,-0.8849604711327025,0.19317187279600467
train:3125,7.278960838627616,9.994870530232994
train:3126,1.221534259531826,0.07462844336458974
train:3127,-4.445247641572859,0.1666466630699312
train:3128,0.4019941325746773,-0.08000617374705463
train:3129,13.778748940088906,7.902665296292493
train:3130,-0.6139927338861145,-0.10169518201391778
train:3131,0.017364544008287658,0.3023116722750506
train:3132,-6.753360377753638,-7.095655979635876
train:3133,0.696589157818541,1.2849346156124481
train:3134,0.8871695811712287,0.0033680848192009505
train:3135,7.777678142009946,10.681600865862537
train:3136,-3.829109637125881,0.02217234884692866
train:3137,-2.446970590241471,-4.888457002538535
train:3138,0.6293399187471045,-0.059866461876858845
train:3139,0.45066902841715784,0.24261069118203454
train:3140,3.3064206020156526,0.13632239597339252
train:3141,-0.654037152642824,-0.0940836571568468
train:3142,2.099781017689455,0.2946984354882596
train:3143,-0.5075807901632378,-0.5218585513621012
train:3144,4.332814391434208,4.595624516382045
train:3145,1.8490013487756403,0.11208746289115866
train:3146,2.0205341439222226,-0.0775655326094685
train:3147,9.654918371891352,2.717578266563417
train:3148,-0.012532375186777633,-0.20009476241164675
train:3149,2.7993389862326383,0.8162708863516579
train:3150,-4.8723241048089445,-0.32832643011139295
train:3151,2.2008087636516556,0.29622219559993584
train:3152,-0.4175193779139629,0.005973499192344245
train:3153,-1.0417240319849852,0.10467894436672649
train:3154,-0.2386579880561312,0.05841104780470451
train:3155,-3.703466888103581,-5.399185555576945
train:3156,-1.036017879561562,0.0812964096242797
train:3157,-5.3696531675805,-0.19951598750545158
train:3158,1.1142454833267252,5.7229393673429065
train:3159,11.724570331142138,5.30171963036183
train:3160,-2.8667441454018543,-6.492815906722382
train:3161,-7.498534091697608,-0.10055817535816836
train:3162,0.15825446146684147,-0.046915142901255646
train:3163,-0.7831632883952737,0.1762871099669104
train:3164,1.507023198130367,-0.05455291734736778
train:3165,-1.2334353646764904,0.2168452929300541
train:3166,0.29884311304603095,0.18883755206639619
train:3167,-1.2616641635395198,-0.33978694362243134
train:3168,-0.9320881249280774,0.1796490546155166
train:3169,2.7394047430653967,-0.10753257703775163
train:3170,25.168339827363393,7.7767597130998976
train:3171,0.48287263073022635,-0.12049188501871516
train:3172,-14.362542413147796,-3.893276876378379
train:3173,-19.58072686713403,-12.290042211604398
train:3174,0.2038216230954164,-0.18597533672371275
train:3175,-13.318163329681079,-3.760955265916565
train:3176,-0.7270615842350379,0.08740314825740525
train:3177,1.2766884639048017,0.9220105080850161
train:3178,6.444537572838445,11.174646896822297
train:3179,2.7923922041809996,-0.3392702261685889
train:3180,-0.18243447577800426,-0.021656190524797253
train:3181,-5.150240018856612,0.08238034645870683
train:3182,0.6251254508513674,-0.017329288157309095
train:3183,0.8268685189008721,-0.1741494688782485
train:3184,3.978809781271347,0.21477499925524407
train:3185,-7.972975781050604,-4.349201708609666
train:3186,-0.09173973105316763,-0.051349754180298496
train:3187,-4.0230532662985095,-0.7254419469774043
train:3188,-2.2294947484918293,0.007133902220934699
train:3189,2.1236721457894148,0.03848775238328814
train:3190,2.173482367677278,-0.03220367485179591
train:3191,0.07983513903489982,-0.015927788359808154
train:3192,-0.2845581461138646,-0.1270694043248612
train:3193,-0.38342647125326046,-0.17238018951255157
train:3194,0.6013858855240508,0.15899433722119843
train:3195,1.5880446581036698,-0.05224552140632743
train:3196,-1.1639140787648476,-0.01545015996790737
train:3197,0.43704790537145416,-0.07004003222083124
train:3198,-8.39694985661231,0.023225185624774436
train:3199,-4.159220329689899,-2.664547594121927
train:3200,-0.016072946644029196,-0.12415013616970424
train:3201,0.5523213896709108,-0.6624395094192246
train:3202,1.6342978039992233,0.009355059702326293
train:3203,1.0963610761548321,-0.23629936543583113
train:3204,3.660829224600068,-0.3665897712847769
train:3205,-0.22809741020156232,0.021943806229298715
train:3206,5.783460276469808,11.502493992367834
train:3207,-1.7749830988249289,0.005927847733142255
train:3208,-6.4312216080807625,0.054710426393143594
train:3209,0.12221367098196206,0.13095749355229924
train:3210,-19.061563931688728,-4.179742065443796
train:3211,-0.9825915372883663,-0.16061609379782
train:3212,-0.5897285103105532,-1.4599706443387155
train:3213,-13.659960627815439,-7.288323968695175
train:3214,6.095726079762775,-0.19915220243993575
train:3215,6.935258312756166,1.3737562345479806
train:3216,3.010938748585234,0.3768142830494504
train:3217,0.3081353987417945,-0.04431386569160253
train:3218,-1.058911296894368,-0.06974115782386825
train:3219,0.1459481222279932,-0.07352480782685278
train:3220,-0.20861252804554603,0.5218271418302264
train:3221,-0.5304302728886361,0.9988312143612066
train:3222,-10.064639675987166,-4.274737616253968
train:3223,0.2984537454936118,4.7248729276747055
train:3224,4.39824859656577,0.231790154064684
train:3225,-0.27364016371491096,-0.17478359617872608
train:3226,-2.6096653230937386,0.04983741844495169
train:3227,0.4988248450091596,-0.07166764940219203
train:3228,-17.001790517815618,-4.841195758756441
train:3229,2.3135140493128277,0.18297248084542111
train:3230,0.1768587918087898,-0.09064253575868716
train:3231,-1.144837625736951,-0.00714701550392631
train:3232,-2.207403544546127,-4.448818613699178
train:3233,5.898981328795131,9.125177705770495
train:3234,-1.3675535411383137,0.022385769418697937
train:3235,-2.2249873832133766,0.2511606388473263
train:3236,-0.38477019611102703,0.049552952789799314
train:3237,0.06191842016761173,0.029785014990479697
train:3238,-17.74633380501203,-6.189119574381175
train:3239,9.549316312677508,19.16059703326261
train:3240,-4.664166119161494,-5.8557258265425975
train:3241,2.394926736504472,0.19424553805211137
train:3242,0.24146219118969803,1.7830903288042006
train:3243,-0.8841452400841449,-2.989664447085565
train:3244,0.3191736782800777,0.04261821081539775
train:3245,-0.8168887948072606,-0.17711053665073728
train:3246,-1.8175978083440851,0.13274646010977703
train:3247,-4.615282010902789,-0.3130297674192878
train:3248,6.75386696364057,12.70903238562782
train:3249,0.6749984364640977,-0.004127742120955014
train:3250,-0.6750799699249975,-0.15470979360275317
train:3251,0.9030255577386983,-0.02781742558734518
train:3252,2.638983713110249,0.12524521205884082
train:3253,-1.4655077242479257,0.13006301027356032
train:3254,2.507988845564428,3.502889504480207
train:3255,0.5242199779235385,0.34066931224384867
train:3256,0.8097935313215302,2.552565075523822
train:3257,0.5397207582999057,0.013469754114930219
train:3258,-2.918829668545287,0.14807393753684356
train:3259,-0.12516978304179643,-0.07522247146592662
train:3260,0.2592380403633945,-0.11439028217474984
train:3261,-7.188031251698699,-11.35186135611736
train:3262,-3.303692180268407,0.1620546969174515
train:3263,3.8170969520258966,0.23612361882943245
train:3264,0.41392691142144344,-0.25303262248469877
train:3265,-0.9420708115973843,0.03403716309352461
train:3266,-1.447925977704838,1.4814038019543616
train:3267,0.4472904803533607,0.06304410027046599
train:3268,1.0255050150276726,-0.12085024897345076
train:3269,2.4886466927679254,-0.022342103699307073
train:3270,-0.6558017431445637,-0.08476904754992173
train:3271,-1.5992421121550962,-3.0884348029285
train:3272,-2.0489625650321988,-0.9357188451373881
train:3273,-11.497680568655655,-2.8246909157511513
train:3274,16.665500912148936,5.773291785556216
train:3275,6.656203818247752,0.5124653114951894
train:3276,-1.090106727819471,0.24601229553582246
train:3277,-8.204039271859354,-6.775107981773497
train:3278,-2.233204782006223,0.18062028941003883
train:3279,-0.3521095808976265,-0.013414247548308847
train:3280,27.379735523189172,8.220688197817763
train:3281,-0.6338546633078168,0.1306670361431266
train:3282,-0.02382310437397256,-0.007170982520007349
train:3283,2.762283747987307,6.121048623746218
train:3284,7.388306405342451,3.004724803657424
train:3285,-5.557666787044345,-5.365980396083141
train:3286,-6.159421670334078,-1.204330604473769
train:3287,-0.638488253410725,-0.48723801830702335
train:3288,-0.9213764492173458,0.05213397216443155
train:3289,-4.333590975033456,-4.6549326694231805
train:3290,6.955116290387784,0.22428591013673765
train:3291,-1.9284232042163532,0.14294813463332065
train:3292,6.31119813148146,3.5013322190781793
train:3293,-0.4126969154908513,0.07793760351349363
train:3294,2.474149434614718,0.12282554206032562
train:3295,0.03873954411577872,-0.02994421294291766
train:3296,-0.04508373502726051,0.01989548231922965
train:3297,-4.808269771791507,-0.6774545596723776
train:3298,10.262456351282033,14.967140728740736
train:3299,4.1718709989639855,7.6211144868101695
train:3300,2.5446623873792684,6.931265015230651
train:3301,-20.936241077013136,-11.819254690865044
train:3302,-0.9547504787700744,0.05249861319480741
train:3303,-0.6317167448722352,0.16973384299846545
train:3304,0.301463614788372,-0.09777115377388715
train:3305,-1.8638014406344654,-3.7649717383614796
train:3306,-0.22789238203366158,-0.06397366659693746
train:3307,-1.3496268265666953,0.02081307664918955
train:3308,-0.13312613123084177,-3.3420292294387677
train:3309,-2.0824528237050526,-6.1345478200511225
train:3310,24.839536015026063,8.351273055578561
train:3311,-0.11426865386526092,-0.1574266260685113
train:3312,2.268579639014214,9.681940048981705
train:3313,-3.097746267235178,0.18720494175668517
train:3314,0.06167887195103386,-0.019513425158504072
train:3315,0.15608609100178714,-2.175072505897432
train:3316,4.420631070686506,0.21118265739847786
train:3317,4.421822186709548,9.122111639641842
train:3318,12.354623285850497,5.730958616794975
train:3319,0.9275533889587035,0.019325980365684878
train:3320,10.412780586421142,5.952351074627402
train:3321,0.2048841897116003,0.31214157272771814
train:3322,0.9774730986777243,0.06838446503223822
train:3323,0.4406665827974298,-0.264029488363217
train:3324,2.1540681528262975,2.6337153947228904
train:3325,-0.6402672563233602,0.03413274583622876
train:3326,8.679037293162697,2.2905706378595787
train:3327,-0.5691826887460347,-0.2673999926604235
train:3328,1.3636824734448547,-0.1942158530921011
train:3329,-0.31421110038578726,-0.04506340558737512
train:3330,-11.071722229555172,-3.7989135982781557
train:3331,1.0132688781773798,2.343284235139301
train:3332,6.07772823296964,8.704316332744153
train:3333,-0.7862340617489795,-2.398622993802823
train:3334,-10.787003657564822,-8.877029558161901
train:3335,-7.305495189996034,-1.7609927997963557
train:3336,2.5065448149759932,-0.8535676176953158
train:3337,-4.144335563650195,-5.477162813039856
train:3338,1.0676162199984471,-0.0004530849768152184
train:3339,0.21127051494599544,-0.09327034787900143
train:3340,-1.5489676711614537,-0.6882247375237958
train:3341,1.5503766599370388,0.08434763902869238
train:3342,1.943324301714303,6.132952241733136
train:3343,-12.235001843243971,-3.772434895976144
train:3344,0.8097354167614677,-0.213530985480461
train:3345,0.11910430956037471,0.05140668735501993
train:3346,-0.4346923466415703,0.000913320261424197
train:3347,-8.972732180718884,-3.430015569331714
train:3348,-0.6532712027411994,-6.438873001242836
train:3349,-2.6908216088463868,-0.11754622461370709
train:3350,0.8594998443760011,-0.058922617957857804
train:3351,4.747973185609143,2.1636030875972976
train:3352,4.817558165078614,0.027176319418706255
train:3353,13.673940958223756,4.2668021915393055
train:3354,-1.7235340463433015,-8.271870961764185
train:3355,1.6236860853317991,-0.20033029540896696
train:3356,13.577200207128252,10.224661715272106
train:3357,4.352252549483934,0.06427611902567956
train:3358,4.073638330882554,-0.06353427130211833
train:3359,5.8882375738472446,-0.025322002698716664
train:3360,-11.4861850437588,-5.92453741228423
train:3361,-0.21961663622251237,0.05219588695597425
train:3362,-1.173375361601273,-6.5614671417135675
train:3363,2.3095662110186574,-1.1776624486160692
train:3364,-3.001598749568791,0.0719484173878132
train:3365,-14.98328402058469,-9.277693013707564
train:3366,2.3662288369126174,0.040664043039932776
train:3367,-18.571564277232262,-10.992084488719474
train:3368,3.129493380945823,-0.3353092487787666
train:3369,-2.7165612448728162,-0.1018472584373844
train:3370,0.6535739227514333,0.11969442260230945
train:3371,-4.227982871905365,0.12443932114311579
train:3372,0.44062474031418475,-0.2041784280980743
train:3373,-2.0779254670179386,0.012054273558048667
train:3374,1.5416299537311424,1.5538947526468638
train:3375,4.9113643633492,11.61303101182008
train:3376,3.587982856019886,0.2949195597437692
train:3377,2.9196142744875595,5.454563568986276
train:3378,8.380467929385274,5.193617545614769
train:3379,2.4895121347963767,0.11674705026758128
train:3380,1.0398091003832315,-0.12478996990258207
train:3381,-8.478013623985339,-0.5570026139246995
train:3382,0.37024080187297354,0.26116187493281123
train:3383,14.21940421897097,7.359863169305249
train:3384,-3.3863933834857582,-0.07862949693049476
train:3385,37.831690291253935,12.231079868366717
train:3386,-0.14375691147396624,0.09834894156594123
train:3387,2.6869170671663314,0.5143738278114522
train:3388,-3.6780252635411523,-0.24549471060559097
train:3389,-16.656536100732257,-7.494819784746754
train:3390,-3.1200952673693174,0.09908278877261315
train:3391,0.6807169091742539,0.025919620343361607
train:3392,16.169070532934185,11.53807131581042
train:3393,-19.00250838066963,-7.754681015318974
train:3394,-0.28829700445004963,-0.12759781996512418
train:3395,1.378330829454224,0.6063462533967818
train:3396,-0.012413589026009753,-0.3911511123003049
train:3397,1.18915654599681,-0.07823889163269779
train:3398,-4.534026697939794,-7.208083540142326
train:3399,5.037308378250865,3.4276653153287957
train:3400,2.620348930738828,0.047814488159063716
train:3401,2.261414811133221,0.0660479662859566
train:3402,3.8673753448096235,-0.14630692923257774
train:3403,5.164009742099264,9.771085935938382
train:3404,-1.6480878648041606,0.22701101692947617
train:3405,11.904817520799222,2.924282367397606
train:3406,-10.5311099073655,-2.463071441331226
train:3407,32.27930806392361,12.878095717063491
train:3408,0.3001762610538662,0.2866478006579895
train:3409,-2.6858093442701105,-4.37183712869011
train:3410,-0.26744654636168325,0.1518621526857483
train:3411,-2.9331323591514042,-3.59457624028197
train:3412,5.406167534882196,0.9760502802545561
train:3413,-3.1857679746553766,-4.010835660899132
train:3414,-6.205732000956734,-0.007396101278197148
train:3415,-1.817597575885845,0.13772161319793338
train:3416,16.342584802120662,10.571702966839117
train:3417,0.07678935494202091,0.010399265501166696
train:3418,-0.3634699313277764,-0.21454601714365518
train:3419,0.7888429999607361,2.0228790407477377
train:3420,0.2534154263616062,-0.010983164684993121
train:3421,1.878627221662574,-0.21821511051620474
train:3422,-0.976199400597965,-0.016687457173091183
train:3423,8.734624567237258,1.709671084220988
train:3424,-10.346203324740841,-3.989209423388671
train:3425,-1.2485772295299111,0.0264139400500331
train:3426,1.0338937355435833,3.5278277553557715
train:3427,-8.21427301342813,-11.136177613258141
train:3428,-1.0964463289475757,0.8220435133677491
train:3429,2.4307836525213133,2.31428100714342
train:3430,-9.525530893695434,-3.319838055120683
train:3431,1.9789713079401983,0.09434573657635716
train:3432,1.798694596086603,3.3094665544143558
train:3433,3.608197657050288,1.094983459018908
train:3434,1.8384007881037485,-0.19639927678924607
train:3435,-20.50409191005831,-8.326981403312821
train:3436,1.119950473458947,0.13940543873843658
train:3437,0.4378882419099588,-0.08087326615027232
train:3438,0.7130626597012354,0.4768246466529594
train:3439,11.747952840612431,2.145770343685712
train:3440,1.9364760819565308,3.438388557773722
train:3441,0.07769536093339627,0.010371446643215487
train:3442,1.3318849756775033,0.03015621841811584
train:3443,-2.4491556976998234,-0.012888827785055998
train:3444,-0.7534618665802588,-3.1030358515110152
train:3445,-2.648917756625915,-0.12342984173998292
train:3446,-0.7426439574537329,-2.486751709184156
train:3447,-2.8935623876630454,0.024581889927933434
train:3448,10.251886940014334,5.00138666927733
train:3449,0.5780103498009661,0.844026402903225
train:3450,-1.2728147204078435,-0.06968552010796583
train:3451,-0.34023247579940036,-0.20669610607306382
train:3452,-4.506152165434905,0.2505631753750204
train:3453,1.3259182375667597,0.05626257600601109
train:3454,2.81238221809308,1.4389729105382665
train:3455,0.8809385380413207,0.34665450386684893
train:3456,0.25073041745759567,1.4229929025662316
train:3457,0.4744943708351268,0.4248956838282713
train:3458,-0.860239002198569,-0.7610846090709742
train:3459,-0.2647043527305712,0.017892524546742547
train:3460,3.830204807277128,3.001735774366174
train:3461,-3.2645843357616657,-7.758108298618564
train:3462,5.281456943403301,0.9991911475848523
train:3463,0.5750134981676598,-0.11115673225514922
train:3464,-3.6096630144153976,0.07895819894827802
train:3465,-9.928412638369792,-5.301256898513047
train:3466,-2.167104351558103,-0.10601409537604559
train:3467,1.16715065422528,0.002932398705441999
train:3468,5.313700296075452,3.6786830022887314
train:3469,27.081794726493385,11.716591347019783
train:3470,0.8139261739166992,-0.10227124636472285
train:3471,0.22319492529611257,0.5106752036512314
train:3472,1.1974139276069797,-0.028711623544464063
train:3473,4.807435538548677,1.338191607917484
train:3474,-3.3693927825432963,-1.259021337919367
train:3475,-0.4905239343266353,0.16189177827242443
train:3476,2.998666348249462,0.16253332393502234
train:3477,-3.811410731629707,-7.568012769285297
train:3478,5.223875642543872,0.016241368331730746
train:3479,17.25148164417177,9.52728545935666
train:3480,-0.3134316679062282,-0.3303360929419504
train:3481,0.8389930757958447,0.07247583440240613
train:3482,-0.5872293517696227,0.04643581409116376
train:3483,-0.012438926974197018,0.3515356434812112
train:3484,1.8946635858244778,0.15482807092577727
train:3485,0.8078018291190661,0.0019740033838203247
train:3486,-1.5253196943807956,0.26000147190422074
train:3487,-0.8891774960690823,-5.345683757321938
train:3488,6.930445497350025,4.5375641346041
train:3489,20.12960104702186,11.369337816167484
train:3490,4.217728036018152,-0.17066740382761708
train:3491,0.7515604175564399,-0.10854546878879567
train:3492,-1.989754521407499,-7.709296046510081
train:3493,9.478093897363713,12.319146098313267
train:3494,1.0252158369768012,-0.07833190648082183
train:3495,-0.19257639634188245,0.006667258711404417
train:3496,-4.902107584382768,-4.890766966374156
train:3497,2.3601672558398517,0.3665966305151861
train:3498,0.31335362131893213,0.2749065306728589
train:3499,1.2666404564699847,1.3102156804144574
train:3500,0.6044120268956286,0.19647133200982814
train:3501,0.3786987949444789,0.8470024500607642
train:3502,0.6881002478010824,-0.2063836788991502
train:3503,0.49805401348448974,-0.15398151016767148
train:3504,-8.476759279320948,-6.676196106407036
train:3505,-0.033950496297835114,-0.11252941456902893
train:3506,0.8383672982130911,0.36453746438355655
train:3507,-0.08800528942354732,-0.06673329730569744
train:3508,-2.6371460713396426,-3.161077972705279
train:3509,-3.5833863998539894,0.06862641776600874
train:3510,0.28292042096360953,-0.007794410259734458
train:3511,3.9294956252681787,5.316475323262392
train:3512,13.318558800529173,1.265385662156488
train:3513,15.75592715170222,3.7735875355021182
train:3514,1.9453901580954072,0.30453718091114745
train:3515,-7.483294129466802,-7.370258637027658
train:3516,-1.351316565515074,0.10875519169103376
train:3517,2.801717498946879,0.04106178137823007
train:3518,1.0218888946423397,3.1605620513974206
train:3519,0.6200943571576312,0.4435945215174044
train:3520,-3.878388459476531,-4.159940745014936
train:3521,3.844868737988594,6.847133941067312
train:3522,4.60836620517853,4.539092317200886
train:3523,1.5510531134161667,0.10253717762610336
train:3524,3.5464421035706857,-0.0033068718201793162
train:3525,-0.360548163706071,-3.608976707765616
train:3526,2.1295956466674717,-0.048687275483152714
train:3527,4.667840181030076,0.23291004142323268
train:3528,20.73243035229803,8.497777718449571
train:3529,0.23363137045038784,-0.5685742602067327
train:3530,-0.4878557786450429,0.10470305404361754
train:3531,-2.636017719041468,0.06834480532705649
train:3532,2.193578382546912,0.4212205987017015
train:3533,-5.581843838779812,-11.688928905135217
train:3534,-0.5325802791527107,0.2546048987833061
train:3535,3.459823514088637,1.2337403559592919
train:3536,3.4014648728738117,0.4972135869582361
train:3537,0.6301456190078119,0.5917693144911579
train:3538,6.503578246530164,1.0510577676355677
train:3539,-9.708589898226585,-9.261791469181032
train:3540,-2.838788717429359,0.006358112736120969
train:3541,2.6181833497726568,-0.1618141592802521
train:3542,-28.396197939828088,-9.496687628645407
train:3543,-0.1627743201088393,-0.15572125874569714
train:3544,-1.2307321078006201,-0.05854913195726155
train:3545,-4.011113746162776,-0.3897550336135842
train:3546,17.102872021012743,14.539900134934156
train:3547,1.2121155165533666,-0.924512838511401
train:3548,-13.222113444475598,-9.463242228347552
train:3549,1.0230330541008514,-0.1286332521241492
train:3550,-1.165692384302762,0.005069314978524919
train:3551,1.1028678147576767,-0.16249293941426163
train:3552,-0.728823850154375,-0.010869036036988161
train:3553,-1.9634709330988835,0.10932241107161841
train:3554,0.9295799598972052,0.258672301137393
train:3555,4.460720353883584,-0.005644226531320962
train:3556,-0.1687625606068059,-0.026222335070665806
train:3557,-5.598779816331485,-0.5212657956965254
train:3558,-16.776718870607557,-11.051143781489083
train:3559,-8.537993428967669,-3.7124931034358375
train:3560,-1.0029130366510435,-3.3764447232446644
train:3561,-1.6459483191608975,-9.578746126560976
train:3562,0.29318124391737577,-0.20563157110879754
train:3563,0.17879470403359388,0.06569402481633121
train:3564,-23.315430709649313,-10.990920376509823
train:3565,-2.1046479364841466,-0.11482710957498884
train:3566,-0.8413447964310284,-1.3440166512697231
train:3567,-1.895836278265112,0.8599855823969988
train:3568,-1.847947556191158,0.14704364116697874
train:3569,0.16444505686294592,0.01653368033143346
train:3570,-0.8922624493754435,-1.7387157436706469
train:3571,-2.745996037086264,0.11169400437716155
train:3572,-1.4025796514045008,-0.4442175097631726
train:3573,-2.1817429443213823,0.07388489522283741
train:3574,-2.033257686320892,-2.3823205724001744
train:3575,2.4002342230458655,0.022055509643533575
train:3576,-7.776544848707299,-8.232546794807595
train:3577,-0.6796352216009415,-0.1715319283362547
train:3578,-3.6242613919031132,0.02749873284932028
train:3579,-0.8754673415173627,0.21105982644106253
train:3580,4.999347017785038,0.3460218031744714
train:3581,3.580860800455099,2.0723615133416295
train:3582,-9.243464205309857,-2.3762452191452503
train:3583,2.565538997019663,0.3366207411166826
train:3584,1.3988905985131574,0.0832074938351228
train:3585,1.0527381952477102,0.34535643315660247
train:3586,-2.23328521255735,0.05943734967188914
train:3587,-4.816829814030482,-4.205948285598696
train:3588,0.47561203005425,-0.21990792368773832
train:3589,0.4854942947637687,0.030103719240033557
train:3590,17.568550964541267,7.321308800079453
train:3591,10.841449388602943,4.657537595995017
train:3592,1.9057160453154163,9.863535847254802
train:3593,-5.367083574192773,-0.0028440801525191906
train:3594,1.5392270329016755,6.881508348559928
train:3595,37.846920955155134,19.125404323363803
train:3596,23.124265713203823,5.627559773632199
train:3597,-9.65893588827617,-3.491917236079886
train:3598,-6.4204141595750475,-1.5529445488102886
train:3599,4.783404470588087,1.6608775206786162
train:3600,-8.583708666495284,-0.8110986358429491
train:3601,0.06739002222662215,0.12249656623245131
train:3602,-1.104612586927567,0.11848237636049674
train:3603,-1.289871343786206,-1.0735259064047509
train:3604,6.0749266462581435,3.571740749927021
train:3605,-0.2902252455529255,-0.10466067227151674
train:3606,2.520648288870216,-0.13136420801009796
train:3607,0.6315328135565053,0.419370715978351
train:3608,1.745273367894693,4.267835626446991
train:3609,0.936993285637026,-0.1754279950575241
train:3610,-3.7446092071289927,0.10156622815320114
train:3611,-1.5739983095551202,-0.35113589638004483
train:3612,-3.8277525459193,-0.05736647384231014
train:3613,-1.3473505954781646,-0.24384526632029924
train:3614,6.548359466848454,2.709683987980914
train:3615,2.9237924788978176,1.3952720525914961
train:3616,0.8307138431110918,-0.1820893989199538
train:3617,-0.6293428813227996,0.17944476433558773
train:3618,0.6668610033058975,-0.0251896134670309
train:3619,16.53725277116991,6.814537657910615
train:3620,-2.3714246841172626,-2.987183290277937
train:3621,0.08524444228552316,-0.1733809550947451
train:3622,11.662259434926579,18.838931145293024
train:3623,1.9428382315339396,3.017823919232194
train:3624,-6.470472646863498,-3.9685763904374736
train:3625,10.335877821548593,9.420349198748971
train:3626,17.581858733879113,4.623909304538735
train:3627,0.777173131383693,0.1715653224773251
train:3628,1.0094505191230292,1.6813601891360668
train:3629,-1.2466529402171194,0.12723247714222724
train:3630,0.5487196816964734,-0.05515779918179409
train:3631,-0.7578718318560463,-0.11033643259761355
train:3632,-1.0552305531182453,-0.06573181841945391
train:3633,21.636112691103843,10.82861796636309
train:3634,0.3774604898986658,0.08420526354030619
train:3635,9.03793979844763,4.53756869975002
train:3636,-30.260297305388146,-18.889014279715916
train:3637,0.47290017222349057,-0.06992233705257614
train:3638,-1.2377005084686017,0.052563095880930215
train:3639,23.669523480866655,9.256673880785613
train:3640,0.5985866233949573,0.11653676823363214
train:3641,-2.64356238368703,-0.06529812955703504
train:3642,-1.7160293645150624,0.12460081318004282
train:3643,-4.374098683062984,-0.3289327385539193
train:3644,4.730955382756902,0.13756696887988665
train:3645,0.632414178974414,3.934274109495846
train:3646,-1.0267307079470842,-1.1074535002404262
train:3647,3.2007822793163285,0.05371864844198047
train:3648,0.7699831980127527,-0.02866311886906195
train:3649,8.335428680420307,4.980367025531016
train:3650,10.133184464212945,10.711490017488556
train:3651,3.2748834574773817,-0.050424170844978244
train:3652,0.1593106354814185,0.049930718614695745
train:3653,-0.26980843831174595,0.024897598300477164
train:3654,-4.421983220888614,-0.06823779820802287
train:3655,2.680338498967249,0.06995829908822665
train:3656,-0.17899723200854395,-0.044473788459619495
train:3657,-0.7339100364510505,-0.03303567269575208
train:3658,5.330070005353875,0.2815194298598865
train:3659,-14.01542275114467,-7.9586397515254035
train:3660,11.671739081963983,8.012120376161652
train:3661,-1.2896107580988851,0.047444996661147654
train:3662,4.749467427177472,0.491417420908494
train:3663,-1.0818879342771832,0.26765679362996364
train:3664,0.5731859114828124,-0.02805823703463564
train:3665,-1.351411176018856,0.19035888694430234
train:3666,6.6835488108813506,13.786675025117482
train:3667,-15.094406498087999,-6.1522788468051735
train:3668,7.098017668999224,11.626110154881449
train:3669,-0.9244844158894917,0.11057383169699284
train:3670,-1.2518813909568283,0.14881377649753572
train:3671,-3.666663634590681,-2.7988758715372883
train:3672,-6.603181196556444,-0.3008958948850201
train:3673,3.745923817859036,2.4277708200411747
train:3674,4.874432792887682,0.36363299484811723
train:3675,-0.002024332894505293,0.17294841903033523
train:3676,6.1696008435978245,5.394224894072532
train:3677,7.679806249117383,0.11843872215263485
train:3678,0.10581234738286537,0.07541678700068402
train:3679,0.7223538993349179,0.031027305324013717
train:3680,13.549017899913272,4.281323064746597
train:3681,-17.086691705818698,-8.949953199091151
train:3682,1.3766843277385314,-0.16352123853278633
train:3683,5.519029264939057,5.323429752428574
train:3684,0.5227099291948729,-0.10918615848653354
train:3685,1.1897209546041378,3.7634086867081757
train:3686,28.859211344097087,9.170214011559732
train:3687,-1.1307057919374177,-0.047147109378325724
train:3688,-3.146124546363099,0.04897203797145405
train:3689,9.563792882047332,0.4880848643867491
train:3690,-3.4903724192661763,-0.11920194597463907
train:3691,-3.62986921449091,-1.487483780174082
train:3692,0.34322241306692713,0.27691077239263606
train:3693,-1.8761717058893823,-1.4715114758857875
train:3694,-2.1311412021254674,0.07925778664929105
train:3695,-0.8544373094384031,-0.7121883297453979
train:3696,20.500578363138352,17.6191401334267
train:3697,0.30000493933080175,-0.11109767067980666
train:3698,-0.9829025664138212,0.04004746301908597
train:3699,-0.6246290931270051,0.11120011265292007
train:3700,-2.639040141081202,0.004916097268578265
train:3701,6.97515837494568,6.9139944975713
train:3702,-0.8310627035482794,-0.06853011020772559
train:3703,1.5919578601200426,-0.23709940725834588
train:3704,-10.639535869281907,-4.650868548267724
train:3705,0.31621448488169196,-0.18346949959595377
train:3706,0.5559533172165807,-0.21219596562042298
train:3707,4.9852925925795075,1.050394109547419
train:3708,4.0109624752298005,0.02801516498154273
train:3709,-0.96044059157492,-0.014359803397029969
train:3710,-0.49234013055771053,-0.05756020722229854
train:3711,-1.5651732649222598,-1.9476765958583235
train:3712,-1.122343106744415,-2.3476374469147063
train:3713,-2.978464970415567,-3.1786283908738624
train:3714,-1.4539738437414291,-4.7285079849325395
train:3715,-2.1609516468551595,-0.02573143922343446
train:3716,-10.14213102512403,-4.853364155206729
train:3717,-0.22687398248312524,-0.08300033882746483
train:3718,9.402187913425358,10.467859592592362
train:3719,3.978536410380813,-0.14560732062030732
train:3720,-3.9720347264778257,0.3481026537492219
train:3721,-0.2769036449497842,-0.060169901419742045
train:3722,0.7462464221843191,-0.22618813786583142
train:3723,-3.930680405537306,0.09612942468386472
train:3724,-0.10903160217066304,0.15748384456485276
train:3725,-0.026212542625504875,-0.10651683207050747
train:3726,-9.2310937075967,-5.835355574803431
train:3727,0.22787105525698662,-0.03036021186489575
train:3728,0.129793436821802,0.022429708948179847
train:3729,10.931553921855784,20.729795183569088
train:3730,4.099410975979099,9.991233250221075
train:3731,0.06719615205425343,0.056380413835076214
train:3732,-0.8178583781273444,-0.13277184222242916
train:3733,7.454624416703445,1.5510034460104682
train:3734,3.350260366460928,-0.022454805739211978
train:3735,-11.332343250528222,-2.5105278451014095
train:3736,1.2562663101240967,-0.19012947685028342
train:3737,-16.003045776408907,-5.264803067053781
train:3738,2.116642608604247,0.8035424035612844
train:3739,1.0734081495125223,0.05750343973144505
train:3740,1.0525217766260373,0.01152528727454566
train:3741,12.06785722168002,8.989797162220528
train:3742,-8.449489138240711,-11.032145926742176
train:3743,5.979356089944058,-0.06376281391974828
train:3744,8.379945363261191,2.0382080874437145
train:3745,-7.616237926898881,-6.940635037050735
train:3746,1.1163655024778076,-0.13215554752320238
train:3747,-1.619557800061767,0.14554741459163367
train:3748,-0.8890596397412754,0.03859974111914301
train:3749,6.692983825936627,3.3829557027944714
train:3750,8.10321405640584,0.457267276209209
train:3751,0.23699027579288384,0.7671561933259621
train:3752,-5.188497066204038,-0.5270210180937958
train:3753,1.1610118970167513,5.393900768712198
train:3754,-12.04561625524617,-2.417793182808217
train:3755,3.676467852712904,6.682050275587574
train:3756,8.638074431898758,3.042257150840336
train:3757,-7.849038345678781,-3.2579923114100335
train:3758,-13.062852584748308,-4.181063960509314
train:3759,-0.354762045648002,0.03895025872932825
train:3760,3.996179060982846,0.09073599010077019
train:3761,-0.5936949452639432,0.03551455844194885
train:3762,-1.026787427757705,-0.008509711561105568
train:3763,3.6174241570640606,1.9337076175060703
train:3764,-0.835616792933022,-5.656901167566672
train:3765,0.07385979996926713,0.0007312850678562743
train:3766,-0.8570554865983416,0.20635972339459813
train:3767,3.6252677630065846,0.3468771973912686
train:3768,6.3327209750297495,5.493158453882114
train:3769,-4.00495918179391,-10.405739429302137
train:3770,-4.967161022916801,-2.0873468073043675
train:3771,0.2938471205465726,3.4320081957070045
train:3772,-0.9328980094371092,0.14899438508300358
train:3773,0.6242221181297549,-0.06282981222230771
train:3774,-12.120367386646963,-16.682566269122447
train:3775,8.362557486890472,6.106837895139881
train:3776,-1.4054488834639098,-0.40228892705910924
train:3777,3.2143680687095144,-0.1646123084077138
train:3778,4.03355230210084,1.4820894298072516
train:3779,0.07329608873666027,-0.0980850075559008
train:3780,-0.3188539888183055,0.16462801260834342
train:3781,-15.389241652694041,-4.975555992193243
train:3782,-1.1052934571132602,0.16881624866850553
train:3783,0.5772167373687517,-0.23040604737447484
train:3784,-0.28459894253502854,-0.011744688088806243
train:3785,1.0293807912673651,-0.005184716062290984
train:3786,-30.253271487534825,-13.896793252250427
train:3787,2.8682851704579018,0.022808616059556322
train:3788,2.4914503716035834,2.936977467558438
train:3789,-34.62212512878463,-16.634924406299255
train:3790,0.19495589827051207,-0.05381707288935578
train:3791,0.5526619409928775,0.13962955887095635
train:3792,1.102279927868084,1.361807821066721
train:3793,2.1973323506687135,3.7743045487332094
train:3794,23.226662638201095,9.297402971399144
train:3795,-1.1036595081425409,-8.239235304223925
train:3796,-5.158174283512834,-12.086862403420602
train:3797,0.20360962118030818,-0.0997960813111152
train:3798,11.718355327630809,5.553694000713667
train:3799,2.1763550866102905,5.176537052154346
train:3800,23.982237463646825,6.76842683090041
train:3801,-0.12132329654037555,-0.19152584085862412
train:3802,-2.5782653289172153,-0.03129806402987653
train:3803,0.5727540040724274,-0.056278827826822836
train:3804,-3.876799839862661,0.09744646928184199
train:3805,0.9819790692067351,0.1481829303956883
train:3806,4.365265096856662,2.02683844886865
train:3807,-2.69948207304515,-0.3557686635241863
train:3808,-8.916550743382242,-4.038256209868804
train:3809,2.4595213024722504,0.26910736874610675
train:3810,-0.8488234429363596,-0.06726827534322072
train:3811,-2.0383991976787468,-9.62921723856821
train:3812,-0.44565437987705137,-0.0020092290923628964
train:3813,17.310697126460155,22.900567720082687
train:3814,-4.925975931575183,-0.9287104901850234
train:3815,6.013094614017499,4.878153408377771
train:3816,0.7886779546101584,0.7099255268190134
train:3817,-3.095044172650509,-0.7991051415457275
train:3818,-2.169049097196037,-6.8419759566396054
train:3819,-20.99232116255703,-12.136461572557078
train:3820,-0.8841175775535551,0.0038518476259319784
train:3821,-2.326245727749906,0.10497753344206948
train:3822,-0.561033632675822,-0.12059203290733952
train:3823,0.16908073909001642,-0.048558167450097084
train:3824,-0.7210502141421664,0.01521292655239602
train:3825,3.760935738556157,4.494004368198426
train:3826,0.378772251748398,0.2146464618654285
train:3827,0.8233774610487938,-0.12156925945588201
train:3828,1.722937850338488,-0.0073358984163745256
train:3829,7.393140606906695,-0.08280489351775633
train:3830,8.597580206447164,11.92923242012319
train:3831,-0.19760516545321616,0.030638411955936806
train:3832,2.8182397008309055,0.22413069517545092
train:3833,20.352984117572742,6.414896224407837
train:3834,-11.829975903761545,-9.335911178341375
train:3835,-1.6017677709354152,0.016380319960676792
train:3836,0.2493071918816635,-0.10606331335549773
train:3837,-3.479683524462989,-10.589262860440037
train:3838,-0.266500673782105,0.10854091515440444
train:3839,2.499887210975226,0.001985130927000811
train:3840,-11.857926682569234,-4.806091498559834
train:3841,14.960891145224572,6.705230945283862
train:3842,-2.8388742620617715,0.2215687923493595
train:3843,0.717376038578199,0.07904836058020194
train:3844,3.259769720071031,3.5892124193284807
train:3845,0.24801402669115136,0.15182819941296682
train:3846,-0.5968666054939176,0.4704009157000001
train:3847,21.092491429452373,20.078392229643004
train:3848,2.1529960554222636,5.762870698706883
train:3849,4.171080640947134,-0.054513828285426086
train:3850,-1.1732026451287672,0.15982291120571446
train:3851,2.1886312062779063,-0.08879293835695673
train:3852,-7.799469880360778,-4.705095063437562
train:3853,18.38164897628636,7.18350587597558
train:3854,2.7623311694683177,0.024284584799880507
train:3855,0.9179112536113634,-0.04495384208529035
train:3856,0.000930327568195527,-0.19276185411651786
train:3857,0.5864713648295947,-0.3155712697495483
train:3858,-0.3030105649958094,0.0788452115867531
train:3859,-0.5875701355498295,-0.10529166103417417
train:3860,-0.055132091149437984,-0.04992642727886659
train:3861,0.952711182009787,-0.07035117544745478
train:3862,0.42767762993608666,-0.2016226596868132
train:3863,-5.07107729497235,-13.156648426781603
train:3864,-0.03785195917307521,-0.1194005298221677
train:3865,-1.5505765146422257,-0.894437657189133
train:3866,9.317621465288239,10.573051967458536
train:3867,-2.4598115834328946,-0.7898204907089037
train:3868,-1.074392550778554,-2.5945376575762427
train:3869,0.07181347008034417,0.11676645213774213
train:3870,6.134647027844355,0.04464998607150611
train:3871,-4.612483678606655,-0.6301025836151184
train:3872,-0.9132566828854046,-0.0745665170615181
train:3873,16.57351439698303,8.491833898461474
train:3874,-0.9427663266522129,0.06619148306082286
train:3875,-6.232732955394761,-0.046846380390832665
train:3876,0.140679223754481,2.714218319166151
train:3877,-0.5366873513414522,0.016325538209634408
train:3878,9.889392490001054,4.056757830499632
train:3879,1.5914538906551798,0.6273076202022083
train:3880,-16.75707707913937,-1.930201930579854
train:3881,7.036174943679527,3.64621967900696
train:3882,6.372693099273741,5.406756219623477
train:3883,-8.593103698733238,-3.832957032691556
train:3884,1.8294920585043979,0.11647528142451946
train:3885,-1.48088530175696,-4.335915707373788
train:3886,-1.2534797738167889,-9.57632545793679
train:3887,-7.88045368209916,-3.182440858360468
train:3888,0.012265340050158141,0.12538573295669694
train:3889,-0.025566308717609204,0.077899941059652
train:3890,12.609856854647505,1.9123470144238415
train:3891,0.6830917025566504,-0.09654712402403393
train:3892,-2.5593097541742487,-0.049095285399770455
train:3893,-2.143313180501451,-11.000684082346648
train:3894,21.64424686984668,9.17382333005289
train:3895,-4.85270090999998,-3.380093416121383
train:3896,9.882894817269579,3.7111754283757445
train:3897,-0.18473255794111826,0.11183281334529759
train:3898,0.3414276029939549,-0.03208683564840083
train:3899,20.143418364822338,6.372753650488764
train:3900,-10.016322765834673,-11.184936795545301
train:3901,2.1134449130513646,4.083503023194735
train:3902,0.6626051578433958,-0.1002142201452434
train:3903,-2.9184344895368612,-0.3717035906802592
train:3904,8.735352626445723,2.537379117620281
train:3905,1.0032473709819514,6.483824792013674
train:3906,0.3111617725716125,-0.0808905281082831
train:3907,3.356748740862793,0.08422067090778686
train:3908,-0.7373290322486512,-0.49204311970965225
train:3909,-0.6860282881243038,0.12920918532567321
train:3910,1.0284479363492407,-0.26926214421343453
train:3911,2.427718225707133,1.305513152134223
train:3912,4.642348345487753,-0.18386238746671085
train:3913,-1.244919964036054,0.08625101955579514
train:3914,0.25671307895779627,-0.08771898777923001
train:3915,-7.912293022349758,-3.9508350921051023
train:3916,3.1091946624906908,-0.01780263672490967
train:3917,6.928316644785813,0.10739649013653467
train:3918,8.248283805482332,15.146188034303881
train:3919,0.9393634298546176,1.0176858376548665
train:3920,-3.1141875736515976,-2.3383031501160003
train:3921,1.1273803037338255,-0.10452471651958084
train:3922,2.023168825617219,1.3697784231825776
train:3923,13.533964834107627,5.213188326174659
train:3924,-10.173989891866807,-9.529529288395315
train:3925,5.058327717250773,0.08535710692029627
train:3926,1.414320014209768,1.9510660142243852
train:3927,0.8058003636705114,-0.1128486894618228
train:3928,-3.7775954963369838,-2.7530626349767564
train:3929,-19.595027698074222,-8.266142274277575
train:3930,3.8805217881287364,-0.2827813958736724
train:3931,0.1757023120635448,-0.2292226759554734
train:3932,-12.83140135359482,-1.4456721793342238
train:3933,0.47986415618490763,0.008085735145296091
train:3934,1.3959569755211994,2.1405884750838564
train:3935,-0.5942932927743473,-0.06527815704363418
train:3936,7.032728052893097,2.8295105087375245
train:3937,-4.4250605030730465,-1.7408981687421219
train:3938,-3.1695758634725055,-0.0014631235116591423
train:3939,-1.7887567144762366,-0.24880957718689511
train:3940,-1.020952958385664,0.022900774942820334
train:3941,-5.2756112566543,0.02601220720905563
train:3942,-24.171873814704426,-6.9987955667173045
train:3943,-0.7818089866875757,0.10594049390961136
train:3944,0.9512057824459264,-0.25552005636796693
train:3945,-3.0994450720549267,-0.7989219650656796
train:3946,-0.6556385574599081,0.15337806645287422
train:3947,-5.896853114224212,-1.1421829904891463
train:3948,-4.4697203801899255,-0.05216135152842377
train:3949,-0.44871562244290697,0.049943843409216315
train:3950,-0.13772020343290747,-3.802854460493767
train:3951,0.5273142295595096,0.8892691388845424
train:3952,0.8592299603590706,-0.1145115438632551
train:3953,1.634656254605689,-0.0252492456856135
train:3954,-18.98970644046257,-10.501103045002123
train:3955,-1.759664100792437,-8.774758876684654
train:3956,11.345949788086218,0.37452628897857093
train:3957,1.615287601569798,-0.1577437610491551
train:3958,1.5674400246043678,-0.23482396733874694
train:3959,-6.430848745063401,-5.018002718959249
train:3960,2.0247002605039874,0.18866992561463888
train:3961,-0.40955593974858995,-0.08665302620686366
train:3962,3.4043794342900693,9.442532954704935
train:3963,11.633239348213737,4.857942366102572
train:3964,-0.7513834574541813,-0.007009775804700344
train:3965,0.20952428864523556,-0.20029063570378525
train:3966,3.76789600318573,-0.02471169975351012
train:3967,4.834460668643691,1.987396872065425
train:3968,-1.0342058675788115,-0.5629795312207195
train:3969,-4.8558074819226835,-0.19690985982825826
train:3970,0.08421232769881204,0.0024838731187824953
train:3971,0.7643656121788652,-0.0323043933836603
train:3972,0.2030144118561474,0.14310877070538763
train:3973,-0.28929715602872635,-0.11914973211817681
train:3974,-4.968884468310016,-3.3329112064280313
train:3975,7.289511653236095,-0.06844636831225195
train:3976,0.6032436917801307,1.9171621020831708
train:3977,9.189000461291853,0.08801316588099178
train:3978,-14.586178398264071,-7.914918778404422
train:3979,-10.509320201757404,-11.060799065110302
train:3980,-1.3066243767028012,0.03460552376058932
train:3981,-2.732000191357277,0.21645240505929703
train:3982,-6.771928212151867,-6.764935124733575
train:3983,2.458057745391635,2.09559111569575
train:3984,2.3093886129231063,-0.8937565944821635
train:3985,-0.9172942500603113,-1.0708989502492965
train:3986,-0.39208949249266656,0.05860906100899312
train:3987,-31.54493220831607,-8.263399192222776
train:3988,-2.72702419026648,-11.327321414223332
train:3989,-9.1048000755017,-0.4523152226607447
train:3990,2.364316635428319,0.05779874760815789
train:3991,-3.07122836102039,-0.2803875474817683
train:3992,0.2041449725076045,-0.06511723564994717
train:3993,18.167452655390168,10.467074387494087
train:3994,10.305079894214318,2.170079745710769
train:3995,-1.083360092312688,-0.3165229600130997
train:3996,-0.6230427980955373,0.06116497208106427
train:3997,6.318631216171702,14.02717946634482
train:3998,8.402347828790589,4.337674370020667
train:3999,1.6158801376241958,0.5614222216650182
train:4000,6.585495600561392,0.7960056329686567
train:4001,-2.941448785154597,-1.1536864449039965
train:4002,-4.7416384067226565,-3.425807646079771
train:4003,-4.171184490399099,-6.522294765858824
train:4004,1.2841480488344326,4.311089813397632
train:4005,1.3883074722092843,0.07440974434285022
train:4006,3.9932840260587694,0.1793157989633421
train:4007,1.5727010194977118,2.5246694660568285
train:4008,4.15595365342109,-0.05366014599834895
train:4009,0.273393119986953,0.09637137741763524
train:4010,4.4117474465771025,0.031090646723656475
train:4011,7.037229374257302,3.683801101508514
train:4012,6.782130631239638,0.6005640681064204
train:4013,-1.4053084786867989,0.15080617737008237
train:4014,-1.7476632116812776,-0.25964894553116646
train:4015,0.20446901929451336,0.39798200871655093
train:4016,-0.964031606470306,-0.09637022461962622
train:4017,-2.859365455939831,-9.340735966935785
train:4018,-1.5013109424112692,-0.4807760542569823
train:4019,-0.541684738590352,-0.08677714111156906
train:4020,0.31368464185304845,1.2837897626121484
train:4021,-0.21825257126872394,-0.22709916979853106
train:4022,-0.35279544893548487,2.5982852972362296
train:4023,5.140582135730363,-0.04868841676963276
train:4024,0.5654648110329002,0.14240074510532685
train:4025,32.85433536366585,11.558160240432255
train:4026,4.129681688024487,6.491155845718273
train:4027,22.7929439132081,7.244420329918509
train:4028,3.525514353117436,-0.08828392458685458
train:4029,8.484291218144724,5.208505057103776
train:4030,0.8937862725217118,-0.5277540093356077
train:4031,-1.513097505024918,-0.13982014220159567
train:4032,-5.974183602258822,-0.37054889408406905
train:4033,0.00738325208842236,-0.022002142989062293
train:4034,0.5515705495549025,0.8373953857933265
train:4035,-3.1509448004329283,-1.5648339007162055
train:4036,1.6096223617966592,0.33813037780816824
train:4037,-11.505520920182816,-1.3898752539678374
train:4038,14.94130049456924,12.340125226389539
train:4039,0.31168433869569506,-0.03800226613530808
train:4040,0.3505276457250315,-0.0866767079013247
train:4041,2.066473238735198,0.7446592968920338
train:4042,2.1020116869628964,0.20531202240591256
train:4043,1.3002488039288855,-0.7652774102770565
train:4044,0.6741564727179113,0.11404591049092383
train:4045,-2.1173038929163313,-1.3200104034659292
train:4046,0.2418404007465852,0.28815715202785513
train:4047,-4.794253469737378,-4.009249843335103
train:4048,0.06791526162046758,-0.009986250944669775
train:4049,0.9233465921848948,0.08166048001141553
train:4050,-0.5781567391108956,-1.968501935581409
train:4051,0.17952729617774255,-0.07144952102369254
train:4052,-2.210963177579079,0.0826990507082607
train:4053,-0.7939660877361834,0.12953716252787748
train:4054,0.6130945746272156,2.22092462904022
train:4055,-0.20010316170294534,-0.25127090414193215
train:4056,-0.6223226424672421,-1.3405511348730526
train:4057,5.137089683128843,8.429282839706154
train:4058,-7.030595654073854,-2.3487716003542554
train:4059,-5.6051951988459106,0.022361231759376876
train:4060,1.9048006247653104,0.4395258352160275
train:4061,-2.7081983272215733,-7.228486889189413
train:4062,-2.5648390058768413,0.006555555297169557
train:4063,-2.314925011449718,-4.539565154944124
train:4064,3.459267706436199,1.6374721602065683
train:4065,0.3882083128657563,-0.15930233039847286
train:4066,-2.538164422808125,1.9320926971368
train:4067,-2.8086723576554977,0.10706637302218032
train:4068,2.1067668527254555,0.11799447639027554
train:4069,4.3692689575867325,0.019779356419884597
train:4070,-1.1067226103743186,0.07937120199324597
train:4071,-2.505684427647399,-0.06471664409544975
train:4072,0.14005495715028896,0.0019060968382573623
train:4073,5.18969033373267,2.039192304371947
train:4074,12.199241689236501,2.050960537250169
train:4075,-1.1461015011891917,1.5980749509152552
train:4076,-8.587261558239268,-4.082174054907594
train:4077,4.138044140759249,1.5088537390508954
train:4078,0.51522035715225,-0.1851277888514659
train:4079,6.877207911167912,2.6737117794162297
train:4080,-5.399724430455753,-1.5149237310139152
train:4081,1.3293707073509564,-0.02902148282379753
train:4082,8.482179567490292,0.4769655955332456
train:4083,0.8853108450821877,-0.37545956448610257
train:4084,0.9995452410477258,0.004944486769769496
train:4085,0.6578151233447992,0.018317368438941023
train:4086,14.69672839050307,6.028927973579292
train:4087,-4.559524577396363,-0.21201678364305515
train:4088,0.9115205116704035,-0.0175178857481373
train:4089,-7.419686116270645,-3.5944070445613026
train:4090,3.2276479430585305,-0.018003360484588407
train:4091,1.4929185619449425,0.019125399266816154
train:4092,10.629243840076255,7.952441364833377
train:4093,10.302575854050342,2.5430473169234475
train:4094,6.892462750726095,3.472229984480154
train:4095,11.011514907337064,1.9178189124524394
train:4096,23.910710992954783,15.397800616841543
train:4097,0.6412588663285756,-0.2909494405505776
train:4098,-0.03918789667979339,-0.039221873400051094
train:4099,-3.5715161522738508,-11.310116520536585
train:4100,2.8620027540568986,0.08881934211833684
train:4101,0.2285158944154408,-0.04997849847451885
train:4102,0.6041228488447572,0.11878110809664974
train:4103,-0.5323789703166539,-0.023183945139153686
train:4104,1.780573546426135,0.307102507596679
train:4105,2.3620027461048676,0.013062457502362512
train:4106,0.2352841485385671,0.11982139072321497
train:4107,-0.7867099037667717,0.011606603936249196
train:4108,-0.5961813186016598,-0.23112819639472626
train:4109,-2.037699963292074,-2.1491041013128127
train:4110,1.131172627465268,-0.10261620020331783
train:4111,-0.14940657654500838,0.11276396045220807
train:4112,14.031373397597347,5.038233673928972
train:4113,-0.8312635474678556,0.20920723316232198
train:4114,11.316321590616882,10.45931934586215
train:4115,2.0982437713466804,2.857797579467175
train:4116,-3.9174456280868983,-3.1987372880090965
train:4117,2.588933594318448,-0.18493048895122732
train:4118,7.622556433708551,5.6634338315595985
train:4119,1.918849470973075,2.5383203936447023
train:4120,2.1656643321411813,0.045858323132258655
train:4121,7.500500515333313,7.6882694952260096
train:4122,-4.793876887388173,-0.2239044236192521
train:4123,-5.777859600706031,-12.502044164278976
train:4124,-1.3814461754086298,0.05831575038362037
train:4125,-4.1380405945042185,-5.229390659507561
train:4126,-28.32461939849023,-10.355066309587933
train:4127,0.05940670888170778,0.07023449041639866
train:4128,2.6683764303822115,8.206503148157225
train:4129,-4.941593405988156,-0.06031327553379828
train:4130,-7.0014593382408865,-2.5969939914029294
train:4131,-0.28182013673107703,-1.9928468601481577
train:4132,-2.067041772209422,-0.22106290560554853
train:4133,-14.797224445088391,-3.503669633608197
train:4134,-1.6682457135657014,0.23310719866266127
train:4135,-9.345847182812717,-2.3052223908485217
train:4136,2.0061935626229443,0.36328747036628223
train:4137,-13.52818749008126,-0.8444030872605173
train:4138,-6.009031417054737,-1.6851523159457176
train:4139,-3.060904425654396,0.014066932265616186
train:4140,-0.20868703091154622,-0.25466480481197973
train:4141,-5.003680212460115,-12.106426336261613
train:4142,0.011272045989568824,-0.02038807858465211
train:4143,0.29473208906720527,0.19650129077992945
train:4144,2.8913496770555316,3.2221153404475573
train:4145,2.9247297505225065,8.679202323750662
train:4146,6.601850897428919,5.891497108867917
train:4147,-2.554967434246374,0.11643176987746758
train:4148,4.3234249381940195,-0.10675407699754777
train:4149,0.2879099046323409,0.23064558638600421
train:4150,0.25392985644728,0.06797745374129052
train:4151,-1.7678108322802473,-0.248943963669921
train:4152,-2.161612525632191,-3.237049133857883
train:4153,-0.9428753495668903,-4.8266671818654086
train:4154,3.964946669197543,8.077758614845507
train:4155,-5.684500652089686,-14.751584869786159
train:4156,0.09096337991215983,-0.07972113744866224
train:4157,-0.9395128411216703,0.01192102836150287
train:4158,6.974975197852363,6.6910715745691265
train:4159,6.554357354363391,0.0684669229804218
train:4160,13.91520750611357,7.142042367512137
train:4161,-0.3535314117241172,-0.07101711610856373
train:4162,2.4512030168031353,-0.16413353872933295
train:4163,-11.971923273754998,-6.8558517176640486
train:4164,-3.51569781470848,0.11461227390664845
train:4165,-0.6725756973027815,0.0491891677242835
train:4166,7.120824611866656,0.5585824155810347
train:4167,-2.4869073808329447,0.15799913541059515
train:4168,9.565524231020715,0.9438978148777879
train:4169,-1.6396528850984402,-0.0679162407422689
train:4170,-3.040406258029129,-3.270628064673903
train:4171,4.845508943886305,6.304750095575007
train:4172,0.7783275190047757,0.1876330668475138
train:4173,2.7711148365344136,-0.8140257503426565
train:4174,-0.20256419709247475,-0.04610625610852048
train:4175,-5.8819953133403775,-2.7453675108850217
train:4176,-0.05231678940176718,-0.030141227521536224
train:4177,-3.099668231965567,-2.8828426004475
train:4178,5.278478223512733,6.302243259821577
train:4179,-0.8838358381663719,0.04925307976716627
train:4180,6.59698368679456,0.19504843309082626
train:4181,6.7633359175989245,2.1200016642351014
train:4182,-6.6188284256241685,-10.53135740830176
train:4183,4.120813871075421,1.5227513271792696
train:4184,0.8548304557040943,0.18097437354047424
train:4185,1.1008454280674997,0.715295850350887
train:4186,4.221220023703191,8.223665814244212
train:4187,0.6819275516894772,0.004347736601513538
train:4188,-0.1669515946861363,1.1197067200537931
train:4189,-1.435380903853253,-0.22065660761865086
train:4190,0.6225556250054008,0.04011422827816887
train:4191,19.039044599045912,8.643599892005513
train:4192,6.714959963053405,2.7308742540559954
train:4193,-6.247526597804287,-5.2181096132955105
train:4194,1.4564807327857157,-0.06094012713296554
train:4195,1.7023704101576262,-0.009192771519415277
train:4196,2.8441160223026025,0.02352334671768741
train:4197,21.33424427998079,4.492598588576625
train:4198,-0.9645662604228814,0.12940106411513155
train:4199,-1.406430787070727,0.10320311828721232
train:4200,-7.29415866653551,-3.7839242269708038
train:4201,-16.705330015193745,-4.314773375330868
train:4202,-0.9053405499719226,0.24749340006530685
train:4203,-0.5922302258921264,0.5502303384592215
train:4204,2.2022630224026614,0.21797031607776304
train:4205,-0.34842407172757894,-0.5639810101069631
train:4206,-4.074413984648841,-2.057074896725101
train:4207,8.492386343903199,3.0647416357837938
train:4208,-7.484735370556353,-5.273640048268805
train:4209,-0.3412716803624391,-0.0026363660131501626
train:4210,3.4256995742528615,0.15867991279594476
train:4211,-0.4089653795892342,0.03238058576773257
train:4212,-44.18598155846996,-17.056654868980154
train:4213,8.244912231165742,5.1730350145903135
train:4214,-4.174837339186391,0.08213639647359622
train:4215,3.4803337695423973,0.05568051990118578
train:4216,36.58739154217424,15.328570178961732
train:4217,0.05154125186460029,0.001683403313837678
train:4218,24.41337497234008,8.010629856018708
train:4219,0.1453695336680103,-2.3434183961195827
train:4220,6.417502679497341,0.44237819545129153
train:4221,0.10787192739148259,0.04145038942468697
train:4222,-0.8890956707685144,0.04997708337794776
train:4223,0.10819574172015119,-0.036099170929825314
train:4224,-0.3188793267664928,-0.31913279687135315
train:4225,0.8763658519973581,0.5052714974898165
train:4226,-19.49073763316835,-9.549143437841447
train:4227,4.951684710037087,9.282423586348493
train:4228,3.945688666284011,-0.07152555923542583
train:4229,-0.17722299448983386,-0.24473832299093806
train:4230,-1.0572171412394238,2.439359442959599
train:4231,11.84814327199325,1.3785376542561485
train:4232,-7.375053204309636,-4.844723475266274
train:4233,0.24837061763169524,-0.10827412792816388
train:4234,-1.6222399032377743,0.08383548672077011
train:4235,-5.915703617842586,-13.976912704436392
train:4236,1.247243211070543,2.293746124829507
train:4237,0.5271440701276464,-0.29808390765898785
train:4238,-6.181881320590577,-0.6378821629063767
train:4239,-4.621245959514649,0.05076100452893185
train:4240,2.569443133164666,1.155141097364754
train:4241,-6.998916245092549,-1.823714480880443
train:4242,-2.1001940366009517,-1.4259493223508661
train:4243,14.858962856039641,6.030356293609075
train:4244,2.1738473271144705,4.568130354434409
train:4245,0.16306146541697641,0.07842322091075475
train:4246,-9.845657504840704,0.040643499883291884
train:4247,-9.64846689896826,-6.1281817240654055
train:4248,0.7213808291412303,5.972030848046138
train:4249,-1.8620149990581418,0.031167398239439814
train:4250,3.7428814044106407,0.06275050432347322
train:4251,3.7860619172865664,4.329011434993851
train:4252,3.00730263679124,1.3665511503386172
train:4253,0.4202948724548588,0.23766663815045955
train:4254,-5.046417195013643,-5.377665457709129
train:4255,-38.44527096321848,-13.61742686509092
train:4256,5.413115246766796,0.8040893651068481
train:4257,2.810910989890536,5.845217371458664
train:4258,11.905621826310488,17.674409213796064
train:4259,-5.870689474367566,0.12838474850464737
train:4260,6.181890910759855,9.629478533353264
train:4261,4.592294972280589,9.938476141394302
train:4262,-0.32817230983697704,-0.9190369459801226
train:4263,-0.3693548441379517,-0.10710659185907309
train:4264,20.460755477084604,10.280064326159636
train:4265,-3.173857744257915,-0.1062443499233956
train:4266,0.013013158209043196,-0.22207066156743238
train:4267,-0.33425527706784564,-0.06382201815590086
train:4268,2.441966753543272,6.770060011853361
train:4269,0.25504612091696166,0.03487458204826102
train:4270,8.297339003005861,7.8974524702948665
train:4271,7.925188702609067,12.638731421029723
train:4272,2.202940870631231,1.5551547329208388
train:4273,-21.96250515473363,-9.473902985357697
train:4274,-2.6169175552730657,-1.508644658122302
train:4275,11.39086443943441,12.81871001636059
train:4276,2.1238127830247664,2.230895478373174
train:4277,-9.996198391059727,-2.503831346679718
train:4278,-4.619038536065232,-1.715996724355539
train:4279,-3.5480229926811995,-9.803856895745405
train:4280,-0.45616753625060924,-0.03412674257067955
train:4281,1.8021159164666063,0.06794792295361923
train:4282,2.8190737609969236,-0.07813531988463326
train:4283,-0.08941259161002235,0.04387819108937255
train:4284,0.5725768708933567,0.08365316620558218
train:4285,2.0122139985871854,0.1713059651247338
train:4286,0.09118653982280008,0.10692057367435398
train:4287,3.399618457071504,6.608727755033545
train:4288,-1.1288923852052255,0.12017932669552053
train:4289,-0.8741309390941642,-0.08492797169226865
train:4290,-6.615558203100329,0.010818260300154925
train:4291,0.6254836689995931,-0.5382959298910162
train:4292,-0.4385653333823797,-0.14992666196486515
train:4293,-3.4940420050467664,-0.04209092495008587
train:4294,-7.72075673071316,-12.14547545317651
train:4295,-35.4390838069838,-11.857692078226636
train:4296,1.9378480504904876,0.11557074055867514
train:4297,0.7959050812995387,0.7818896311401629
train:4298,-0.823970170180004,0.07185140803700897
train:4299,8.53538553935173,8.000193932445134
train:4300,-0.43440154138301723,0.3290049364353114
train:4301,-3.364005795283737,-8.014163909423058
train:4302,14.363677101199887,0.9389748756460938
train:4303,9.934284825358182,3.2750379358139385
train:4304,5.52111348552114,2.3573454552167523
train:4305,1.4700367675241495,3.6430859916543636
train:4306,0.16506920723801782,0.0651437820721373
train:4307,-1.8313444588395242,0.05219731356407431
train:4308,0.5079158218688664,0.4857039981285556
train:4309,-0.4864611454326615,-0.1277062421807289
train:4310,0.5471543079066282,-0.18404984377105904
train:4311,1.6379999339334486,0.006715906047616529
train:4312,-0.24868786374820878,-0.0293287742085509
train:4313,-0.9143152977115042,-2.150025690145453
train:4314,-0.9396537108152622,0.2378934688383694
train:4315,-5.183967849851002,-4.571361681599926
train:4316,35.994920576083615,14.229603742878822
train:4317,-6.094531417484702,-4.660495014405322
train:4318,-4.765986082806467,0.0769869118756123
train:4319,-0.9369046596660625,0.15177712684298458
train:4320,-0.7065920089733215,0.04703142297293967
train:4321,1.355818876093669,-0.048836784012039225
train:4322,1.059613845077832,-0.2426413517446569
train:4323,5.693775562798859,12.348594713357986
train:4324,12.244201902399784,1.4632944387321742
train:4325,-0.012959400974117324,0.16096148713037398
train:4326,0.44998211431721835,0.3035348460600439
train:4327,-0.7355902446115793,-0.5193297458439314
train:4328,36.56960569729621,16.028525742322092
train:4329,-0.04322825335358302,-0.15465258661794065
train:4330,1.0878889031306715,0.013288574886222343
train:4331,1.0760456207064015,-0.1646225799860342
train:4332,-8.041513768605988,-12.861466091581566
train:4333,-3.936885180886066,-4.756516867082678
train:4334,0.03559043233510857,0.18000342406757203
train:4335,15.581165046682083,5.677011716812749
train:4336,-4.000756801726666,-0.09734488327358862
train:4337,1.4449935763855093,0.5325081566753909
train:4338,-0.6109858865484775,0.07470548020199308
train:4339,-0.1605622474946179,-0.29586467609853134
train:4340,8.675526243901956,3.802206720597463
train:4341,5.027027215201076,5.021225652160032
train:4342,1.5083435609349882,-0.0853773532437882
train:4343,2.8971467206508925,0.24330830254296487
train:4344,-0.46241078343813036,-0.09804363592099899
train:4345,-0.7821386124722506,-0.09088591510055774
train:4346,-2.911433777173485,0.02123307007384781
train:4347,0.3579244669297945,-0.000930998690335999
train:4348,-4.9575832785020095,-5.683196408067015
train:4349,3.4843971395819717,0.11752027185781491
train:4350,19.149586860781557,5.789164797920747
train:4351,3.643936949197563,0.041377061768343784
train:4352,2.4255203330455672,8.0329693975792
train:4353,1.0338167918660606,-0.010941222406851303
train:4354,-2.671519671325447,-5.693305353064055
train:4355,2.458477564973527,-0.23341761707370579
train:4356,-1.734612308698908,0.21335695080378242
train:4357,-0.10501704836154119,0.04962713641100254
train:4358,8.317675379695915,10.424175711281983
train:4359,10.157295962724662,9.331655261238394
train:4360,-2.2534328331563196,0.1282780382187627
train:4361,-1.137911764926935,0.1729936425071072
train:4362,-2.4702410548399625,-5.851965287590834
train:4363,5.184036484413303,1.3919781571492629
train:4364,13.14679261730938,19.707273257206385
train:4365,-9.316139019708736,-7.211731091732564
train:4366,-1.8687702355198144,-1.563532976789759
train:4367,0.454308627084756,-0.11696331254402173
train:4368,0.92445681274033,0.3642133390232225
train:4369,1.4586065633928045,0.16882552162115594
train:4370,-0.573215374297896,0.17794596986566255
train:4371,-3.5932784278095986,-11.214914967516764
train:4372,-0.7463051747376744,0.08913191195306043
train:4373,2.563849490529524,-0.14824255110274193
train:4374,2.378905249669944,0.08503241091672216
train:4375,38.429134004019986,13.604106850763383
train:4376,-3.723159355468141,-5.142832069001157
train:4377,0.729179570643386,-0.21994558614157994
train:4378,6.8789722692114115,2.059927910445539
train:4379,-0.39232752973068286,0.6837187716860764
train:4380,3.1338315166253734,-0.07603763533430205
train:4381,0.7152846117906675,0.13261150298351115
train:4382,-0.7074734906203505,-3.9108013302795412
train:4383,-4.274529380100114,-0.1404415726899827
train:4384,-1.2857840305478856,-4.016917291229696
train:4385,-0.06311854268059572,0.17052503985075984
train:4386,-0.5961345944953695,-0.04311865342537055
train:4387,-10.463881124619206,-11.176946648898474
train:4388,0.8293276946244795,4.276995591735869
train:4389,0.43023037010139475,0.0022403511161019074
train:4390,0.8000072718652349,3.31760735087655
train:4391,-16.494518286275596,-9.384775358984701
train:4392,-0.3459285162893724,-0.3587805185450373
train:4393,-0.3938945307282098,0.05473867323352482
train:4394,3.977055651390419,1.3531873989612861
train:4395,6.619904999116195,2.2510533081662403
train:4396,2.325616057758496,1.9963588241500148
train:4397,0.4806103471361109,0.020620769877301187
train:4398,-4.84940418723675,-7.19414614964796
train:4399,-2.1246693322586605,0.020126307509819683
train:4400,12.845195717410938,1.837302577893038
train:4401,-11.602743324752119,-8.005318939202674
train:4402,-0.07940700780405094,-0.11411166561280772
train:4403,10.970743591663092,2.173204873414765
train:4404,-9.231895223609083,-3.0795418986759535
train:4405,-4.464583982913355,-6.314169763356973
train:4406,-3.835278613905642,-0.3074323278778844
train:4407,-0.3338949667954577,-0.21663628333186608
train:4408,-0.687574135421968,-1.7853736748872258
train:4409,31.498274412005667,13.18479705670667
train:4410,7.04523430621856,13.5778310121332
train:4411,0.45596349729709756,0.08801102596884168
train:4412,1.6055952552425636,4.10984534176238
train:4413,-4.802968329164361,-1.758264269144177
train:4414,-3.9102891687025543,-8.404793744879365
train:4415,-14.907292492013923,-3.6083872332986706
train:4416,-37.82782468379538,-12.439182104957842
train:4417,4.778830622252922,1.3496337181840314
train:4418,-27.72725007236106,-13.053845905804652
train:4419,0.14238430494671658,0.11916985880391665
train:4420,21.63671150353073,12.01959720104056
train:4421,-0.25287559894631706,-0.6653757542107723
train:4422,-2.4594684750702855,0.06094641572013477
train:4423,-2.2040210446922455,0.15585323150648184
train:4424,0.449752329346731,0.49310516962127243
train:4425,1.8138862070034376,0.1327547344367574
train:4426,-2.3499573980883923,-5.355800691324339
train:4427,3.5900029181276607,-0.12563808841806895
train:4428,-1.8425084982857824,0.15016192115209434
train:4429,-9.254680780318413,-0.12110932100442201
train:4430,-8.53533875586401,-8.298529702008425
train:4431,-3.5791524054660715,-10.28667928241688
train:4432,0.13652194058584552,0.14471855528549765
train:4433,0.8997218612282618,0.0738826126498773
train:4434,-1.2794593067471567,-7.16196472412676
train:4435,-2.5179159153328863,0.18666083342732154
train:4436,-2.9171610832967705,0.12175216212583893
train:4437,-0.23771258039303345,-0.38315354729135714
train:4438,2.0645545284201723,3.64554061355133
train:4439,0.963317321679445,0.07113596407482786
train:4440,-23.05026466516289,-7.784183270828257
train:4441,3.8620757618483985,10.21278891202015
train:4442,-5.286366169597718,0.02972566809351712
train:4443,4.843887315202319,0.15354326767086138
train:4444,-0.9858671063517327,4.673647995947397
train:4445,-1.4121348473699875,0.0860199090435851
train:4446,-2.619766563465573,-0.35018349281244343
train:4447,1.4229202717243066,0.2130559364946693
train:4448,1.767686061586661,-0.04726737244116097
train:4449,0.988830543379871,-0.06065708808591322
train:4450,-1.5728743739635105,-4.212356609184175
train:4451,-19.624588947570366,-14.763294469071468
train:4452,0.08573423179773045,0.02199074163579076
train:4453,-0.07630217931814845,1.4796226817414342
train:4454,2.560054842215679,0.06774776983718053
train:4455,7.837356216196432,12.550489432965247
train:4456,9.100913665564384,2.2820830329682598
train:4457,-2.8324137826487363,0.039440583933319576
train:4458,2.2802350951803616,2.3659969773787686
train:4459,-0.8663561407907542,0.09896965875027823
train:4460,2.54620591009453,-0.11800330984896695
train:4461,-2.2464697790278634,0.03463819308608074
train:4462,-0.8353048339746062,2.692258826003516
train:4463,2.9716695780597595,-0.03455986078985837
train:4464,-0.15343019622549997,0.10237996541347652
train:4465,-3.7777173044548746,0.09507772919249899
train:4466,4.422772475995691,12.948575863638958
train:4467,-1.3715778581935263,-3.6588777471760663
train:4468,-3.1053430025265563,-2.719365295688431
train:4469,-2.731451124993806,0.06833909889465624
train:4470,-0.5827942810038882,1.9354095609694444
train:4471,-3.3688288388524494,-12.078370090722553
train:4472,2.279058856484695,-0.07047215181434002
train:4473,3.28640966686195,-0.16998862369360757
train:4474,-12.615330489449251,-9.672293955471202
train:4475,8.60490543051393,14.180917602926385
train:4476,2.4099440037411184,-0.072679399866756
train:4477,2.731693405861575,2.9566475400420935
train:4478,1.441941632149264,4.867120591975131
train:4479,2.892480353936109,0.011798910708137558
train:4480,1.4465338446854075,-0.3798957450340555
train:4481,-1.0852185959434886,-0.12720721466732718
train:4482,1.796969291027466,0.5511044212421295
train:4483,0.6148903145331488,-0.053280525582922456
train:4484,13.557099078177332,4.098970308215607
train:4485,4.068873866790385,1.12469185939865
train:4486,-2.6170649337973844,-1.4000036008350378
train:4487,-0.1313564266478166,-0.1572869611355152
train:4488,1.572571307799652,7.996875642004389
train:4489,-7.671275669693491,0.04438378100003453
train:4490,2.9463014103012495,4.409675280830799
train:4491,-3.306445415665931,-8.527852388947476
train:4492,-1.6122246724148326,0.25702799264126147
train:4493,8.86656693457034,1.3808882764226207
train:4494,10.481323223141331,7.991710179395685
train:4495,-0.18471907536318372,-1.0605663131021672
train:4496,3.8195721673680816,0.4129748038833429
train:4497,-5.900101020756989,-0.05945445745756092
train:4498,0.5727767849799719,-0.11472011396748419
train:4499,2.799738349489388,0.05783840731333961
train:4500,-3.7135160578295996,0.13856359729859
train:4501,2.482740626257887,-0.342906935537267
train:4502,-4.283576654810654,-8.2515246770411
train:4503,21.083364189107186,6.887828222443202
train:4504,-6.231758490451632,-1.9973486646687135
train:4505,16.911185096436462,12.933555392275023
train:4506,-0.43373357262965817,0.0061028925470198725
train:4507,-1.8372823721284766,-0.394809078129674
train:4508,-6.5307286122352455,-0.5785546678139568
train:4509,-1.362837428360117,0.1141808676171897
train:4510,0.2797052910427083,0.1403853758423692
train:4511,3.2899799929739535,5.046555934941494
train:4512,-1.9417965267779502,0.08924176077676521
train:4513,1.3453768519416278,1.8357184722587292
train:4514,1.5017831244786457,0.023075106452647917
train:4515,-1.7660183467896777,0.85334072718853
train:4516,8.876981993566512,13.984316170013596
train:4517,0.819306187429051,-0.022915600155532012
train:4518,3.7753409432462246,3.5002166115439306
train:4519,2.850084620079268,11.202242062623418
train:4520,-1.4026235860119085,-0.1726909047567451
train:4521,-3.4255505091394327,0.10700217565767753
train:4522,-5.627749692064431,-0.07083336898527576
train:4523,0.6846617255113007,-0.05641492623956876
train:4524,3.5580482785899004,0.45236659206387586
train:4525,-0.47374172790088853,0.06974858769751753
train:4526,5.650247757311999,13.063054886593296
train:4527,-30.065374562107586,-8.418800183205775
train:4528,-0.08246848282814673,-0.03920090226098019
train:4529,19.85864028352248,8.483080801802732
train:4530,7.99739534611208,3.5471160675118503
train:4531,4.039227072661829,3.149673322412887
train:4532,5.0345514235214965,10.940338499895148
train:4533,-7.744653437810886,-3.2210257569996057
train:4534,-7.778020493616407,-3.221184110498713
train:4535,8.237935694459352,0.6457983870999473
train:4536,-0.21567600413379012,0.16681100832305834
train:4537,13.155559082465697,3.2702707821867714
train:4538,-0.8203628832078006,0.34064791312234777
train:4539,2.6840429534838774,-0.23752082729110424
train:4540,-3.109327801680926,0.054908724919052215
train:4541,1.9323941152577362,0.2513947452365465
train:4542,-6.390984016526405,-6.079784329592421
train:4543,1.4663165058471845,0.09539743206772289
train:4544,2.4485715895235027,4.146896636693952
train:4545,-0.9462862093260823,0.0980399382514678
train:4546,2.0145390459061687,0.1432598485031842
train:4547,0.18086358237182112,0.1365723377125234
train:4548,-34.067673172803424,-15.452489983497918
train:4549,1.740814818846693,0.3266875542375707
train:4550,0.7091632889501576,0.09627436806683103
train:4551,-1.087790978830098,0.13335276855230338
train:4552,-1.0598271823609537,0.03028347186064137
train:4553,0.32214681917287835,0.29851347086944546
train:4554,12.420373634188799,6.419210287302424
train:4555,-0.2594165089104786,-0.08300704388553512
train:4556,-2.682839922709154,0.06289544770643953
train:4557,-32.86323078376407,-9.926677581582425
train:4558,1.5135678274263724,0.06419480236397603
train:4559,-14.203059323342828,-4.782075977803389
train:4560,-24.370690698425662,-7.365629579064577
train:4561,2.234124213727841,3.1520497661859705
train:4562,-4.875348851431081,0.06793850734015883
train:4563,2.505519209220009,0.06456885900781228
train:4564,-4.201806214387265,-1.5028415016928698
train:4565,-0.4021521447966194,-0.06771508900016016
train:4566,-8.060865452190342,-5.018164781639416
train:4567,0.5549016761376886,-0.09300571207643993
train:4568,-6.013790302149141,-12.378968971556905
train:4569,0.7799812269259161,-0.05129283251710601
train:4570,-3.5185351999889747,-0.3163397835330517
train:4571,0.5999737017145306,1.8436662486449849
train:4572,-2.8826470785338545,-4.919737953026976
train:4573,-5.277301228060919,0.017337288674198398
train:4574,5.512847735414322,2.6270345889903
train:4575,-4.5338146960246855,-6.011829279354066
train:4576,0.9458536639224046,-0.0030301098487672817
train:4577,-0.7328723428665734,0.04688519564268331
train:4578,2.5607226947399178,-0.7881109862225995
train:4579,7.858340686460302,4.011796849618077
train:4580,-23.77489093033466,-7.4086361068490465
train:4581,2.1875995566076756,0.2913917005731258
train:4582,0.03539144808145435,-0.08888538256184075
train:4583,11.527301619300971,3.840752244853039
train:4584,-30.53143659681604,-11.462394951710166
train:4585,0.9514877542913499,2.5581083039574226
train:4586,-13.323339709774972,-4.344775228996793
train:4587,3.846916695085199,-0.2238835951409912
train:4588,9.746479953394083,2.401322647152505
train:4589,-0.22168737422666163,0.10764243737298537
train:4590,-0.8860716215210988,0.23692594322490731
train:4591,0.2892802459586161,1.271712954401883
train:4592,-20.611480178390238,-7.764583387463126
train:4593,-1.056136675338741,0.017556415678367937
train:4594,0.7632400493795735,0.03992363343600058
train:4595,0.18043864870864368,0.18025778829181308
train:4596,15.647065098127106,4.020235807173184
train:4597,-2.9603857632383437,-0.026727782320517784
train:4598,0.015357732020207238,-1.4088883734214142
train:4599,-0.2766703731056931,-0.2620683302080617
train:4600,6.891995974579673,0.5815259830110924
train:4601,-3.022569272338247,-3.4010759680570954
train:4602,0.04064802626823327,-3.9590560639425196
train:4603,1.5523111774124012,0.16358544740881809
train:4604,0.15147551426466366,0.027124390883863994
train:4605,14.867272773212107,16.337251724180877
train:4606,-0.28969733288931715,0.11384960921635529
train:4607,-5.89783501783103,-14.705669773407282
train:4608,-0.0026187286148251776,-0.04226254590452333
train:4609,4.276038325919005,2.73074414739727
train:4610,-9.961569551926129,-4.119910977692054
train:4611,-2.455704976160634,0.28233915887418215
train:4612,-1.170887825972355,-3.620681456583385
train:4613,-0.8681174768771304,0.14126445175362745
train:4614,-15.065957328813212,-9.412161669359971
train:4615,-13.368200430811427,-1.9643948735221408
train:4616,0.5835077547246442,-0.22843076579912897
train:4617,1.146225228354433,-0.07417220258266094
train:4618,9.022757485860405,0.8610561091152855
train:4619,1.9000926480255225,0.2816329878646514
train:4620,-2.352549772383663,-7.251813072911907
train:4621,0.6104209561769773,0.6644817460911947
train:4622,6.280161701992688,11.001699767495015
train:4623,-1.1185312565207912,0.07112469387083738
train:4624,-7.948927511180235,-6.353540723059245
train:4625,0.22328744367573217,-0.024095547715093327
train:4626,6.305606116053999,0.5654687955408442
train:4627,-0.3644313786094514,-0.0304418138482193
train:4628,6.718008420416048,13.85720082315215
train:4629,-10.126241109653483,-7.565369549797502
train:4630,0.39673894913733987,0.12510754437718485
train:4631,-3.6180910203739103,-1.300340473643084
train:4632,-8.77033079093299,-6.2472110562157015
train:4633,-1.4288374368484487,0.10080356346290797
train:4634,-12.041803010273105,-6.668361174721495
train:4635,8.96802193877812,0.2977274098063113
train:4636,-0.307260831460545,-0.09588346593588506
train:4637,1.3550703605600631,-0.002942516111423474
train:4638,-2.645748885894824,-0.07808710053085119
train:4639,10.828538657939443,9.84873336160856
train:4640,-0.06555819191202211,-0.0689784931335751
train:4641,1.6272080601298309,0.29321861490606527
train:4642,-4.118338363893568,-3.2681859969282168
train:4643,5.45089714947115,12.050246449462293
train:4644,4.061843864688737,6.125182934020199
train:4645,33.33741706089246,10.128601914819289
train:4646,-0.954779768508346,0.1937915913546716
train:4647,-1.6693103723060476,2.074485590141812
train:4648,-7.944015203647266,0.0023156760237851848
train:4649,-0.33544964750625145,0.12479996767081147
train:4650,-0.8134637550954134,-1.084684406981006
train:4651,-1.3202722324461336,-2.6180632811111257
train:4652,-6.173064179537885,-0.212426505489393
train:4653,8.756289675228581,7.59100335496378
train:4654,-1.3974932326495852,-3.0268769487324434
train:4655,0.9756743368146678,0.038336389263871555
train:4656,-1.1045944551848277,0.16579012756665396
train:4657,2.5048013781741165,5.890649133013239
train:4658,-38.18746547645135,-16.43040472778788
train:4659,6.79874163217144,11.047592038144291
train:4660,-2.643999405178701,0.12391119082447283
train:4661,7.817360158370105,6.098604654472802
train:4662,0.04760410664948178,-3.112281413285897
train:4663,-12.106609578155993,-5.337927574403521
train:4664,-36.334360455822164,-15.601837590990732
train:4665,4.973965367448593,0.2551691222868806
train:4666,8.330103527052655,4.772483975762936
train:4667,0.18582400876052124,4.591517026340346
train:4668,-6.369247311397085,-10.023381067609991
train:4669,0.17881492790049566,-0.15010855449762306
train:4670,-9.07657034680571,-9.689294558878021
train:4671,1.3759358122049257,0.1537501258453704
train:4672,0.6167160415520743,-0.3203662422346668
train:4673,0.42652893754189003,-0.17312773215698407
train:4674,7.984280982030122,0.9192572971127064
train:4675,-0.38504321831420096,-0.027755225474182466
train:4676,3.7238863117668317,9.251382876664103
train:4677,0.12152838408970433,0.1292760932455661
train:4678,0.13625833294140172,0.03576564146755977
train:4679,3.1239411158774457,0.379655943723964
train:4680,-1.4257229613455755,0.016506717438342283
train:4681,0.9560384730316089,3.816285345293735
train:4682,-12.012191549797068,-6.429436273982546
train:4683,-1.799115053661788,-9.285704844797513
train:4684,-1.0047515488731826,0.03988197647947877
train:4685,1.5092031915074338,-0.10123724081379787
train:4686,-1.9465577364547557,-4.3306709253547195
train:4687,3.721963649661722,0.08905630172375714
train:4688,1.574670638167352,0.060753823626626395
train:4689,-6.9670136762006045,-9.034870619639245
train:4690,-3.5711442190894505,0.039549576792164316
train:4691,-5.830635989739487,0.055009443450916594
train:4692,15.578149598389556,10.989480013153125
train:4693,6.2109500504570585,0.15907251534508182
train:4694,-0.5561785098699552,0.044108873619152576
train:4695,4.027042076624391,0.5137598156851856
train:4696,1.111879058440978,-0.2151011103553893
train:4697,1.5993649094873765,0.11225266410914585
train:4698,1.4866073207221482,-0.18165742198725499
train:4699,-15.058630245080524,-4.785406251752174
train:4700,30.479527103941905,11.493558860515526
train:4701,1.9536884523558604,0.32466062944900254
train:4702,-0.44694103623683656,-0.11365928818427806
train:4703,-3.1289784265622407,-2.3318919733143213
train:4704,-1.9070491339418232,0.12819986009487933
train:4705,-5.8423384024701654,-0.11310804681441408
train:4706,12.329952027896256,3.645555735597191
train:4707,-4.412975464078917,-10.989385346194158
train:4708,22.001730450033126,5.691178505889606
train:4709,33.67901537477317,14.588373995601305
train:4710,-1.6439675424957252,-1.5677376188430718
train:4711,3.4307583304771874,7.056052708316038
train:4712,-2.166530179704685,-4.623327878896026
train:4713,-0.46085296454109326,-2.612038429782944
train:4714,-1.248108128801086,-0.24224018954691945
train:4715,0.47828646210832915,0.6309481100823515
train:4716,-3.113739394164395,-0.04776140682621244
train:4717,0.03202963701095522,-0.13039397184124576
train:4718,-1.232869561319721,0.20495280248631698
train:4719,0.5777369789104317,0.19350655505627923
train:4720,-0.5791281820969014,-0.05474094429495596
train:4721,-0.45595646416846203,-1.1427393676481705
train:4722,-1.2275792766881057,-0.2896990185508732
train:4723,0.2754882661063285,-0.03188682519277214
train:4724,4.132587416027615,11.379709827698173
train:4725,-8.865297420738905,-7.223430990082793
train:4726,0.21702060197682566,0.08736377387384354
train:4727,-0.4425401368324188,-0.017697353047125094
train:4728,-10.579415659522464,-7.849241735980247
train:4729,-1.942648021311987,-0.020918063493825148
train:4730,0.05768093890608991,-0.2672584731368974
train:4731,2.2936558392229696,1.2763442949379245
train:4732,-9.394332392731153,-8.414620221472592
train:4733,-2.832116236101216,-1.356615312722991
train:4734,1.4838926733925057,-0.1681310372865168
train:4735,14.719426542914064,7.562379319400896
train:4736,-11.738683973817505,-4.567801723747031
train:4737,0.847823466968231,4.371770018290531
train:4738,8.04431285765827,2.8235666887494264
train:4739,-0.688284760262413,-1.0475530793350214
train:4740,12.556961446995041,17.973355511807306
train:4741,6.593288995524022,4.460020851325228
train:4742,3.1069151769867966,0.10832606797453509
train:4743,0.4757166362623626,0.3713101436777911
train:4744,-0.21544354589353987,0.08093233923714387
train:4745,-0.18397671997294457,-0.0010207323398299106
train:4746,-12.844132626496846,-4.585118748830444
train:4747,18.90958953488351,7.41116114336728
train:4748,7.5537683210866575,0.12082486686079862
train:4749,-8.13498987617542,-5.111120853509738
train:4750,-2.8177177727001155,-0.06910374932476054
train:4751,-2.2801804081124746,-10.108768698187863
train:4752,-0.38461549515214044,-0.15887934109680446
train:4753,11.428130284845409,4.1154658923550045
train:4754,-2.1726136118520345,-0.007149583398506423
train:4755,-6.901296801848898,-0.028832599911349316
train:4756,0.9265754371419708,2.7817271263908068
train:4757,-3.767813653587253,-7.718739621489251
train:4758,0.17300056616623627,-0.48137508699819836
train:4759,-8.139993307338566,-9.290119340902343
train:4760,4.404076789565324,8.455086185733595
train:4761,0.6252844522876986,1.6280026209599765
train:4762,2.8251943864627127,0.6969284137233982
train:4763,8.63385113058989,0.06729824562485098
train:4764,-0.043702468163693525,0.4766635825984624
train:4765,8.211813897085952,1.838448857501438
train:4766,-24.038320046849933,-14.512706761792892
train:4767,-0.8299157545908846,-0.01293504988749801
train:4768,-3.073841191640803,-9.464283652260598
train:4769,0.3067104297290605,-0.19779350088543668
train:4770,0.9302687336630667,-0.15407966080495575
train:4771,-0.2949568168040992,-0.028846295349109916
train:4772,0.7205388653950439,-0.26245365705588847
train:4773,-8.830548633153336,-3.5437407725659793
train:4774,1.0243668994834074,0.23923704834700782
train:4775,-0.8930804699228841,-0.3598994072779159
train:4776,2.313103528060546,1.1233713909412324
train:4777,9.591189480410266,1.7993339739531269
train:4778,-0.147942322089672,0.03043240974628785
train:4779,1.0582074727243183,2.59920973928507
train:4780,7.0563783542561564,0.7503233590317102
train:4781,11.646370449288993,2.4107890478612766
train:4782,11.883183097295612,1.8501363443611962
train:4783,0.17397561225496594,-0.012897958076896393
train:4784,0.5201101162359141,-0.032362313672522805
train:4785,0.9201007777762805,4.45708146799586
train:4786,-3.5494507511928166,-1.4423838476635809
train:4787,-1.3056057446940246,0.25001022207543633
train:4788,3.904155584956739,5.688155808647194
train:4789,-7.305567716966992,-2.776427051796332
train:4790,5.889355233066368,0.23871376849590506
train:4791,12.141963049005879,2.4758435185105854
train:4792,4.993061346968671,1.6337046308751144
train:4793,11.654055518711667,10.340817288065637
train:4794,3.47313755979897,2.5358512203451147
train:4795,2.9911347012653544,0.514298217582149
train:4796,-3.216400391722594,-0.10350012658211627
train:4797,3.0919444013982003,1.9167593706165234
train:4798,-19.115278522179835,-4.581061190072248
train:4799,0.6713502368416103,0.13569212051478513
train:4800,0.4652564803675818,0.46362873571860064
train:4801,-8.460553220643662,-4.190782300208557
train:4802,8.349190208243122,10.048897890912063
train:4803,0.5450877541508035,0.1934303741837359
train:4804,26.07453643449575,12.713304220922646
train:4805,10.143492592418603,5.6363094464315
train:4806,2.950600028079957,1.7725961996201443
train:4807,1.1874561139693798,1.6142258665376774
train:4808,0.6807968748088999,0.005906591272451328
train:4809,-0.004759669007529971,-0.1204303982096025
train:4810,5.232272034181711,7.255593524558194
train:4811,2.8923364622853938,4.267081806726917
train:4812,0.09385527664999307,-0.04378873124996968
train:4813,1.4434965453182977,0.08717260838843523
train:4814,0.0837055687350665,0.15909505575306282
train:4815,0.31344172299198697,0.08772941352988944
train:4816,0.5869325619782512,-0.090638969238437
train:4817,-14.440224378041664,-4.852940737922631
train:4818,3.8970816482476835,-0.1597909436727441
train:4819,-1.974071261312535,0.10216426226874714
train:4820,-0.7001615166732789,-0.16243359251729905
train:4821,-4.597728624265011,-7.307430816300926
train:4822,0.054569717818580554,0.04836801210188779
train:4823,1.8630957567984936,0.18411519393357084
train:4824,7.523690084464197,8.602922729926824
train:4825,2.2263991614878447,-0.10017284851034158
train:4826,2.3436027465560993,1.266373445604971
train:4827,1.6805435112310887,0.2689638519712405
train:4828,-5.939857888670509,-2.178630894481417
train:4829,-6.29035144957263,-2.4571453112835684
train:4830,0.9773524528510343,5.5772358875808905
train:4831,-0.42732504763331913,-0.11945388496511003
train:4832,1.9906146762778532,0.05927585763496212
train:4833,-2.68945010522891,-5.043912204629335
train:4834,0.009533490810737205,0.17933876735375312
train:4835,-3.1181277408238395,-0.31270221819951355
train:4836,-11.278218603701315,-5.551062253909549
train:4837,0.4629793194460904,0.00870274314857293
train:4838,2.237907704046154,-0.04327458169070733
train:4839,0.4642066989546117,0.07115122878149853
train:4840,18.10712137354858,8.995341531940609
train:4841,-0.07469659025273997,0.183474932218263
train:4842,0.27926059842910955,-0.04969959659095674
train:4843,2.8005291724227197,-1.3543167617521712
train:4844,1.6024619506222306,-0.09920460959282948
train:4845,3.009170671209891,0.07676450367281262
train:4846,7.780887925391322,2.5065729423075416
train:4847,-6.487131534192792,-1.1746842615463797
train:4848,-0.6740783073677592,-0.15734031627845754
train:4849,0.11061505085555567,0.018255881629828344
train:4850,1.0644231736103695,-0.03514833663113395
train:4851,-22.731183186265785,-14.36090652965445
train:4852,10.06920544766535,3.26909240389612
train:4853,-0.26806139840714516,0.019987641202493647
train:4854,-0.8141992529675651,-0.1071707892235759
train:4855,-6.657785637191228,-3.0070656420468818
train:4856,0.22980022619282345,0.4270935875976319
train:4857,-5.124688674004785,-2.188666511822113
train:4858,-0.8873952387410836,0.02576597465098493
train:4859,0.5757104079719301,-0.16691456855959386
train:4860,4.385752571402878,-0.018506810483100294
train:4861,-7.943706499104215,-8.979289397417586
train:4862,-1.4800484520920594,0.19759350194133693
train:4863,-0.18089467239458662,0.06624512352538518
train:4864,0.11536545122418967,0.18763149757860373
train:4865,0.14012667051740615,-0.11121522318725177
train:4866,9.338301880173862,6.240115047707116
train:4867,-1.6541129499332068,-4.64618442323198
train:4868,-1.0954992940767965,-3.1167070369339096
train:4869,0.04382921728605796,0.13812377402134085
train:4870,2.9757289963092495,5.7357115043411415
train:4871,15.68956590310854,8.284157992189522
train:4872,-0.3039602731363518,-0.12172005193205856
train:4873,-3.328033812437972,0.2727303826770243
train:4874,-2.3042737748814517,-1.8189738621639369
train:4875,3.922803152531374,0.6558690989999052
train:4876,-0.7013798303104304,-0.3966575342449244
train:4877,-3.543505399240176,0.08882233799534696
train:4878,0.08499036542892964,0.13555744871013925
train:4879,2.8598374055489675,3.9322018185696956
train:4880,-0.26444202360644875,0.140265255440344
train:4881,-8.108185581408643,-9.314774552730857
train:4882,3.7735403217172463,4.87285327396442
train:4883,-5.261728385630074,-9.33668154671541
train:4884,-9.508516810175038,-1.4075617705491665
train:4885,4.152797800351452,7.981729629127651
train:4886,-9.948463556340819,-3.651532998033707
train:4887,0.19007055589341282,0.21131354869165855
train:4888,-8.87792641201522,-0.08550803054575387
train:4889,-0.3043173289933762,0.01581295791928211
train:4890,-0.4451011292652558,0.047124580481873714
train:4891,-7.980900747377216,-5.784912424314959
train:4892,-2.4324163798194025,-4.123970819023211
train:4893,-1.4726228060655053,0.07444269898996166
train:4894,-0.1707167208034696,0.03684244526148659
train:4895,-1.5071726093974198,4.997095432112343
train:4896,0.44720284359678636,-0.0013860866742557987
train:4897,7.045282192616051,2.2876495151138916
train:4898,-0.20036607197266837,0.14852731359104326
train:4899,-2.263829295493272,0.08616228453197129
train:4900,9.989758659811502,5.730874161595452
train:4901,-1.242094434125812,0.09585494528541279
train:4902,8.11673103815991,5.209561317741062
train:4903,-0.04941733777112581,0.058024722331207715
train:4904,13.740478875080028,5.763070423840891
train:4905,9.978455610337575,1.5932487357127452
train:4906,0.3846737853227512,-0.33605593545833906
train:4907,-3.244305608715195,-0.001307908550372397
train:4908,-5.100565552581056,0.09796917848970473
train:4909,0.06353702689447423,-0.22842391808024864
train:4910,-0.13473543962809426,0.07183685663438834
train:4911,3.1878046006796374,0.3605358286628826
train:4912,-3.0958945048933444,-3.1427343604330615
train:4913,-9.62247713787532,-1.2061252774636468
train:4914,-7.573526979668261,-4.148101609714141
train:4915,-0.722390335897209,0.14227334900199132
train:4916,-0.8777196294071475,-0.15604367217631115
train:4917,-4.840370395104145,-0.09426340977745462
train:4918,1.795831640399681,-0.2799002181547871
train:4919,-0.2996650260021278,0.03894127109829786
train:4920,2.6880254280558447,10.78263781665485
train:4921,-0.7810804625626314,-0.11254111275544942
train:4922,0.5202635386744792,0.42993317969040035
train:4923,-8.084247031827672,-2.3829879396693836
train:4924,-4.8973626467827795,0.0804390181561424
train:4925,-0.30757465008488283,-0.04926276919071773
train:4926,7.835714596103784,3.806996129310991
train:4927,1.932381097596282,1.5862814670736622
train:4928,3.2767173205347158,2.6397348249402923
train:4929,2.825315729664123,-0.0747068952985642
train:4930,0.1552232060139782,-0.1488975068814804
train:4931,27.905459360007296,11.008270153760662
train:4932,2.6902119302636387,5.947158791786417
train:4933,0.4163798107725641,0.2301989153898748
train:4934,-3.810234492934041,-0.09387794026881785
train:4935,1.310474641917494,-0.25740831484920906
train:4936,-6.447917688728496,-1.1812834652956468
train:4937,-1.691644030196331,0.06346466433836427
train:4938,1.5954314836041021,-0.6861561557787059
train:4939,-3.0233308055333064,0.2900140251308959
train:4940,0.17062216968111582,0.05927585763496212
train:4941,-1.450838679455174,0.020694240194454386
train:4942,1.0274939277312538,-0.17418256618616995
train:4943,5.889113476496508,8.370424984000273
train:4944,-2.8010979383551837,-0.04797682464932182
train:4945,-0.13084641326870755,0.015161140678363771
train:4946,4.162162148101693,0.10509679787923466
train:4947,-0.4603313282499717,-0.9748143268155383
train:4948,-0.141884925265231,-0.5569722271721682
train:4949,-6.352403387308551,-0.6143536861552934
train:4950,2.97482868554476,8.881366386967212
train:4951,-3.4071793344124552,-0.049293298604059066
train:4952,7.9000799582466765,12.84149009450238
train:4953,14.28842014066831,9.626112879523598
train:4954,-7.933928375686328,-3.0091405008676118
train:4955,2.4715933238049264,-0.1265247253522575
train:4956,-2.8709121216495417,-0.025627582153749953
train:4957,10.4752560630708,2.22828849473112
train:4958,-0.17362314618131852,-0.04048627615913608
train:4959,-3.057384078064046,0.0005555269499286364
train:4960,0.718298432875512,-0.0419494054265597
train:4961,-0.033625868365325634,0.0627017143264511
train:4962,1.5249248072120385,-0.17356969534638328
train:4963,0.652099440133526,-0.014567660197208995
train:4964,0.49604464445576657,0.6175622462794694
train:4965,-0.2622369247394349,-0.7308319577010587
train:4966,0.7816670140842109,0.11671152772588975
train:4967,-13.752065231767393,-6.2852027712068335
train:4968,-8.0761900292206,-2.9625711620140467
train:4969,0.6990634433277647,0.04081141165666918
train:4970,-0.13427284772999626,0.16392127095557268
train:4971,0.601092523224855,1.2951106111901907
train:4972,12.942997407914946,2.884299107498787
train:4973,-4.419546593614311,-0.060733839601696565
train:4974,-0.5824700017587391,0.2081295734035351
train:4975,-0.16041138209669548,-0.050646864369397915
train:4976,7.206042872909436,0.6020018037496628
train:4977,-12.336530304255671,-8.320164499167484
train:4978,0.9458425059268726,-0.13310338594488358
train:4979,-3.1623705878577084,0.07434511899591742
train:4980,3.2396241915962234,0.16241249022894708
train:4981,7.023718901333957,2.5270142391300907
train:4982,-1.8958062911521196,-1.0918668081215783
train:4983,-0.034898577230695754,0.14520403002194876
train:4984,-3.544034009278505,-2.3434218199790227
train:4985,-0.18736979667675735,-0.6057983173792214
train:4986,1.7548731958423076,1.6772880789752498
train:4987,-0.7145890373544107,0.07478280236101645
train:4988,-4.350821709633766,-2.962667886043231
train:4989,0.004917102617607472,-0.5257248019740794
train:4990,-1.3370919808776809,0.11342134146471666
train:4991,-0.8286395588519108,0.12586621456479785
train:4992,-5.492412504590735,-0.7385978415545562
train:4993,18.772911528280048,6.45958843232334
train:4994,-12.100308100179289,-13.67748135967113
train:4995,1.6632318811631719,-0.06333283423838959
train:4996,-1.2275002408864206,-0.09720778623517265
train:4997,-2.228159508359832,-4.717398702335736
train:4998,6.793002238219661,11.037303340526645
train:4999,-13.854100451742838,-4.1106423048659515
train:5000,0.5427552681681325,-0.19726907974785385
train:5001,-10.696984668944392,0.09658194477320439
train:5002,3.694385501413153,3.9228418428251888
train:5003,-0.7801004186217364,0.16172885962739736
train:5004,-1.3431021886793508,-0.07223658071249675
train:5005,3.0182214327940344,1.449770621926016
train:5006,0.5834126793043819,0.025305750877904917
train:5007,0.8997571948807799,-0.1985042370408876
train:5008,2.1019280019964066,0.1003925576692801
train:5009,6.889728576904272,0.991847539728973
train:5010,0.17435916835137885,0.149555898031188
train:5011,0.16973557395280137,-0.07415051813953999
train:5012,-1.9636290047022538,-2.0380443726527036
train:5013,0.8500418159549391,-0.01048699038779155
train:5014,0.08206673814130223,0.01992786632310105
train:5015,6.370990575122148,2.009494175570526
train:5016,0.3927852993871636,-0.03391845778807048
train:5017,6.508484510148886,5.558634059242562
train:5018,-0.9463224728115612,0.08755693661059194
train:5019,-0.0856171296923364,0.0394548500143202
train:5020,-4.59663142137103,-2.1345626849488806
train:5021,8.497725444765267,5.378917959802107
train:5022,4.793992013598524,-0.126053088714377
train:5023,11.515149632333648,3.2529023992117563
train:5024,-9.617134317681408,-2.61770063733209
train:5025,28.538318550591953,9.932387378023236
train:5026,0.5050412432699318,-0.016730683398523058
train:5027,-1.5455019512575627,0.7677329709808172
train:5028,-19.88239815366935,-8.442213104700752
train:5029,-0.9619766756264937,0.09566520640810453
train:5030,-16.962949535368683,-8.87219506863241
train:5031,-1.5849724306190942,0.04525943305185261
train:5032,-0.21430821984815768,0.08615101432798081
train:5033,-0.8855632353496715,4.437420525804045
train:5034,1.038351354758622,0.6820735358946799
train:5035,-0.11189107098398138,-0.1988574652064629
train:5036,-1.213494399453103,-0.1615433890628603
train:5037,-0.7127433189268236,-0.36454501389495797
train:5038,-9.43025834884535,-15.524316848119842
train:5039,-10.738246006588811,-6.911512829939309
train:5040,1.444361522430269,4.223794807789975
train:5041,26.470065060114514,7.785484848239878
train:5042,-7.05556166907673,-15.542845634123447
train:5043,0.3206642005165623,-0.007927798117090268
train:5044,16.24024738643289,8.947640892863694
train:5045,6.631782220443541,12.50940768482938
train:5046,-0.8148784959455764,-0.7049350261822525
train:5047,-2.8705313550520115,-4.087204560390033
train:5048,6.5438386189920665,0.35079466323403896
train:5049,4.22041990244025,0.43049241006562466
train:5050,-0.7002300918541526,-0.013010802777611297
train:5051,6.185245748083147,2.638555020041541
train:5052,4.129289763431425,-0.05411723123360884
train:5053,2.5286973878971213,-0.08245751444539123
train:5054,-0.8268789201402553,0.02058125283292947
train:5055,3.2003085294226987,-0.2926449642775013
train:5056,2.3252459842400177,-0.3948799805522471
train:5057,-4.001574589815867,-5.127222693813518
train:5058,-12.88604856654581,-6.5436978818624345
train:5059,-0.5041887595215061,0.12156556178635082
train:5060,-0.6332416709282769,0.22567285853161798
train:5061,-0.6734311436269025,-0.04736352582710515
train:5062,-0.0908861443949687,0.05647342868320026
train:5063,2.8266960666947294,-0.39120204220947713
train:5064,1.2786111260099116,0.23355800682228087
train:5065,9.790737212838847,13.08522095260882
train:5066,0.9892989467339752,0.38387656378799756
train:5067,-5.678427913021388,-7.053913426628061
train:5068,3.9281659641339473,-0.07043192146591828
train:5069,-0.7389023096186649,0.007326494314443072
train:5070,-2.782945739290522,-3.1369951160465117
train:5071,-0.27382380572470866,0.02647328694699569
train:5072,-0.941072170997269,0.049504448114397206
train:5073,7.2821222706950195,0.09775433130983538
train:5074,22.164585114154686,11.512738179812759
train:5075,14.096137193164028,4.8766269377107045
train:5076,3.65693880349124,0.287625455188962
train:5077,-0.5060488903599886,0.03400149789102305
train:5078,6.17840310732314,1.437396080605268
train:5079,13.534523663717188,5.330583336085525
train:5080,8.914827124912213,5.8729300897672285
train:5081,3.2684127499017754,1.1854158611602204
train:5082,-1.836670542040138,1.001067707879674
train:5083,-5.657850244677956,-4.207340369782737
train:5084,-2.7646666180266837,-0.4227744487327601
train:5085,10.827603245980676,5.998359185854404
train:5086,3.6658837965760696,2.1791437002745133
train:5087,2.3491584984980802,3.9452316009908026
train:5088,7.509246524164488,1.6885789687831907
train:5089,1.3862760196477373,6.902050934557581
train:5090,33.61612147329106,14.75382972047354
train:5091,2.5937213042346423,0.04821165585412099
train:5092,2.332933145786853,0.05610864499201439
train:5093,0.5403623430429965,-0.08539789640042908
train:5094,2.460532495817339,-0.04431358036998251
train:5095,0.5716665644245367,0.2326986181028035
train:5096,1.6320015815020312,-0.10191744755590745
train:5097,-1.0354360365862156,-4.252806940574954
train:5098,1.6424473249859166,7.5949721786981526
train:5099,-20.493555042944244,-11.439970954950152
train:5100,-3.333640705192808,0.28153455190574717
train:5101,-0.0020910484094570914,-0.13174582567686455
train:5102,13.622549090469231,2.0680076480810503
train:5103,-11.799862333486566,-12.263239098620431
train:5104,-8.605884252782197,-7.489144737724708
train:5105,-8.908456547456728,-5.192137356869021
train:5106,3.472419496294837,0.10380229368923838
train:5107,-0.3855528830059496,-2.117369774770173
train:5108,1.8210370873900157,0.04882994780468788
train:5109,1.891412889792818,0.20386686840054974
train:5110,-7.052150111942818,-3.250848999331403
train:5111,1.2534196265139919,-0.16449718113403877
train:5112,-0.33000454568662957,0.06296478086010254
train:5113,-4.249224905899433,-0.9570680353548167
train:5114,1.0688064061885283,-0.21999309219131202
train:5115,4.230113411058686,8.290366019997752
train:5116,0.35735540915766184,-0.09709123235339759
train:5117,-2.53384069953947,0.16213287504133492
train:5118,0.696359721535414,0.4623660448892357
train:5119,-5.048537214164726,-5.042826270543569
train:5120,0.03553812923105226,0.05220073742351446
train:5121,0.4194338471329719,0.00661861137519229
train:5122,-10.122984834624058,-5.865488391092942
train:5123,-0.9769720917885568,-0.41137071422410415
train:5124,-2.4216605370430235,-0.06306177869937779
train:5125,-0.048759364722097465,0.24232793745660222
train:5126,0.3428347889513098,-0.5043748627873985
train:5127,10.617223889389393,0.46978091181971315
train:5128,7.303191355758341,0.2954105982518106
train:5129,3.489193217994815,7.687678308829344
train:5130,3.1530955634531517,8.134103357722317
train:5131,-4.384078115316928,-1.475342774599314
train:5132,-23.380745896161866,-10.387271131481974
train:5133,0.8469054893774828,-0.12154614840466102
train:5134,-4.252809411964091,0.016316122596174
train:5135,11.72996801148075,1.9515450692243859
train:5136,-1.6085434637222296,-2.860932467925127
train:5137,2.13321688113409,8.522749066633057
train:5138,-28.169240591375118,-18.263881457987612
train:5139,-0.8855046558731284,0.2987622713220963
train:5140,19.937471521956144,6.7095050631516475
train:5141,0.34827605520996757,-0.048319210593336714
train:5142,0.2658310209733721,0.15658251356723354
train:5143,9.889706773541873,1.8354833672438389
train:5144,1.427049659904112,5.185173737592121
train:5145,3.0089770334957624,8.833617813858137
train:5146,-0.767449343812597,0.005735540961253893
train:5147,4.935250377367875,10.718851315284876
train:5148,-3.2893606648404985,0.07379045376661329
train:5149,-0.3018043391871508,-0.24604609463626498
train:5150,-3.1534799900010975,-0.05517491847899483
train:5151,-14.696207392205242,-14.136883406485508
train:5152,-0.7260264476912035,-3.048482928407883
train:5153,3.4896423273149786,0.27776103082027304
train:5154,0.6601671358196513,-0.05778703791020842
train:5155,3.6380204220667136,2.2056881692099375
train:5156,-1.211759098689635,-0.006511318934538671
train:5157,-3.710185861079774,0.10157992359096174
train:5158,-0.19044986836007316,0.01158691674446835
train:5159,-1.8213255086847382,-0.41909322919136
train:5160,-8.317511437255112,0.10260337224194624
train:5161,4.097997629878377,0.05009634781511295
train:5162,11.178764891865276,17.73275520251564
train:5163,0.9655089379685243,1.3817212728922468
train:5164,-0.7865313758382596,-0.010243896367540986
train:5165,-2.237645664227964,-6.257854693928644
train:5166,0.20443333695463495,0.31931584220212006
train:5167,3.0830068469770584,-0.6436205513280662
train:5168,-21.719141833516762,-5.9211911603247245
train:5169,-0.8535200292223756,0.15325709008598895
train:5170,-2.8246371246794046,-0.019092861090605776
train:5171,-0.5405847461974879,0.026991716330558232
train:5172,-0.30683415436056566,-1.5027450629853056
train:5173,10.70299447121101,6.448491703877817
train:5174,7.496948088505809,3.8739845099007444
train:5175,0.11786054174591575,0.06389421603729295
train:5176,4.422761318000159,-0.07680543581375543
train:5177,-0.8839074353043689,-2.3670766942077717
train:5178,0.6990448466685447,-0.0672240504921188
train:5179,-9.13026076163983,-0.6647229383441837
train:5180,-3.9759307265844197,0.051383005660558895
train:5181,0.5250840252025486,0.10110857227470124
train:5182,-0.22162600525123555,-0.018832362451534454
train:5183,3.20988673875397,11.5297604676627
train:5184,-0.5319538041952363,-2.225216924649753
train:5185,2.6465637114083296,0.23970526112544818
train:5186,-1.2386831094501396,-0.7245457517689453
train:5187,-1.6376249194104968,-7.802354834163608
train:5188,-4.582195764651489,-9.33028406535149
train:5189,-0.664361785383539,-0.11465135145706118
train:5190,-0.7879328665687283,0.278104700711578
train:5191,-0.16763141880974813,-0.04640170664604332
train:5192,-5.7309764929794,-0.4717878525833515
train:5193,0.2743520102279853,-0.006543560277600072
train:5194,-14.185649130981044,-6.772150908503689
train:5195,1.6305443007939022,-0.028888522948871745
train:5196,-9.350319679355133,-9.224357843278645
train:5197,10.18064592804132,7.2171561371966035
train:5198,-17.450211761587962,-10.073855603476666
train:5199,0.09765562019072431,-0.03687809895245919
train:5200,-8.237316133867658,-15.177565483318762
train:5201,16.342103148646864,11.244032549663395
train:5202,-2.1071868453841596,-5.749363062391132
train:5203,-21.54274136281934,-7.0265134208150295
train:5204,-0.5793936494072672,0.05772713188153478
train:5205,1.412882957368541,0.5710037496474649
train:5206,12.148788022939627,4.565127059062158
train:5207,1.7967247449587225,0.183268644686994
train:5208,0.9267125875037184,-1.1883922534582558
train:5209,0.6533654077099289,0.05099454027491201
train:5210,0.12063063036585786,-2.3241637519146656
train:5211,-0.053872981091122485,-0.8461652335857139
train:5212,1.082482389378931,-0.10567199475365072
train:5213,5.594215558165598,0.23508904263526745
train:5214,-0.47133171709509414,0.1662577697018543
train:5215,-8.212348259198858,-0.004453294089389173
train:5216,4.179782482712662,8.290375720932833
train:5217,1.8432298755867071,4.0793615798802545
train:5218,-7.928457238543798,-7.1633468220541
train:5219,3.7660556312976685,4.461179827745719
train:5220,-5.477769030204411,-1.936366304180222
train:5221,0.5902488112336612,-0.04277427023001559
train:5222,-1.108264738340139,0.6992761826736704
train:5223,-3.7490789141725243,-6.31340224819914
train:5224,3.501150404956807,-0.11271401765717695
train:5225,-8.609563601808878,-14.450726916920836
train:5226,1.6708074627546874,0.09701834419101338
train:5227,4.570505731588972,0.2795024913280188
train:5228,-9.076899507673904,-12.48167105932361
train:5229,-0.1242512243054476,-0.14559633573793684
train:5230,-1.0624548903087425,4.623906451322535
train:5231,-0.7155851209138829,-0.12935368921468052
train:5232,1.0341464176507353,-0.18632243047445785
train:5233,5.551792394236408,4.879126355102013
train:5234,1.0932899541137657,5.4772854415175845
train:5235,0.7021728047493521,4.329113009490575
train:5236,-8.917379224550494,-1.1254169214539773
train:5237,14.75027003206343,2.4223323046421186
train:5238,0.42949696435340523,0.20433365457089003
train:5239,1.3920428436718657,0.14111551386798096
train:5240,-7.5644824944566045,-1.1307413082050288
train:5241,2.7045745950957403,0.049515005014337664
train:5242,1.584537328174774,4.706160394547811
train:5243,1.0136317454904105,0.5046338036690887
train:5244,1.6620658706300766,0.09060616876366454
train:5245,-19.009106475360895,-11.125389032162232
train:5246,1.275147498230183,-0.1465057984017264
train:5247,-0.18408260470137855,0.14948199973160478
train:5248,-2.4542228224207983,0.16091540768874196
train:5249,-0.7856519863153929,0.1567719671229218
train:5250,0.97773856598809,-0.03528757358170001
train:5251,6.937529429763411,0.8240752886238574
train:5252,-5.006152173386936,-7.703909174324247
train:5253,3.7702903230603075,7.888214326882105
train:5254,-0.5799441105201798,-1.3955970937355662
train:5255,0.1305900712111396,0.0657165652243122
train:5256,-5.066839581252589,-6.769526520242815
train:5257,2.827939718280068,0.20947572080675364
train:5258,-6.049109542256283,-0.010821102004826083
train:5259,0.060719865480881444,0.017939602614044592
train:5260,-7.81200309884211,-0.011768940426507293
train:5261,-15.033989671613998,-8.486449368667476
train:5262,9.583126898805427,0.3555113149344641
train:5263,3.578859102548304,0.756137785665133
train:5264,-1.3596136974843263,0.16577386423431323
train:5265,6.272229761918869,2.611447754210642
train:5266,0.14269091736560666,-0.17297051994435725
train:5267,-1.7273152120792123,0.06290429267665991
train:5268,-1.628137833709404,0.11474751635453434
train:5269,-2.609820605198226,0.05265668137229428
train:5270,1.164025020726875,-0.06143658675178712
train:5271,-0.028365803304942955,0.030789632414543383
train:5272,0.10234639502073412,-0.14811258710482628
train:5273,0.5658634769149294,3.101328997761225
train:5274,-8.189235401287258,-15.57922071681559
train:5275,-1.6204966988941378,-2.069956882547041
train:5276,-0.19811099458400067,-0.047300041766652395
train:5277,-0.22299843870167302,0.07670815265286017
train:5278,4.328372114463026,11.009992355059056
train:5279,-1.2127847044456188,-2.2285195224013963
train:5280,10.410982289474566,0.34072794583676125
train:5281,0.15920963237602975,-0.06072228407608607
train:5282,-3.40619929047156,-7.961970596117428
train:5283,-0.8500770902260292,0.04669032097621483
train:5284,-2.1543147316377746,0.05442453412989116
train:5285,11.972352218589686,0.7521020540108676
train:5286,-0.9252050364342675,0.17793484232248208
train:5287,-2.3196766903386736,-0.10420116180248676
train:5288,-9.493340076585579,-16.093565436066033
train:5289,6.955359441707086,2.977774179395912
train:5290,0.1290214430059309,-0.04229207669219462
train:5291,0.2686605026736981,0.028501353022043874
train:5292,10.576982578503193,0.6307276991308921
train:5293,-3.1426381376758257,-9.886056913184499
train:5294,10.488275584190736,16.26902561840351
train:5295,1.1891207474278116,-0.07937133314252703
train:5296,-0.4908005596325331,0.07381727399889446
train:5297,-0.2858474757434126,0.017965709542275735
train:5298,11.779893532655777,8.961777437848829
train:5299,-3.8461548700504706,-6.392466010391058
train:5300,0.8360794442125481,0.0644748455340182
train:5301,0.28311801046782226,-0.06506102729080473
train:5302,-3.684036633634024,-4.206945199339019
train:5303,1.3201170097230746,0.037877306777271594
train:5304,-2.180919344776176,-0.6156939844653018
train:5305,7.566418698521076,0.14021931865952197
train:5306,-0.5008422906948634,0.17976518051486168
train:5307,0.6086665938378087,0.5881421633967501
train:5308,1.2468173475744044,0.283876471762809
train:5309,1.6795448706309735,-0.03506973052482054
train:5310,0.3167221736783985,-0.19424010542980213
train:5311,-4.696257909061003,-3.017561197839038
train:5312,-1.4523512852244824,0.1226780307827792
train:5313,-3.524229032125664,-0.9099565854232279
train:5314,-7.028870813931197,-1.3045860593488685
train:5315,-8.890352699706039,0.010100391104203701
train:5316,19.801898156910354,4.927231009592865
train:5317,0.3899916162558361,-0.2288661665912679
train:5318,0.31576886243513225,0.2683178838235324
train:5319,14.566336984548938,5.716137870565051
train:5320,4.434672478230582,0.967475081625893
train:5321,-1.3949596702890976,0.15547204182214525
train:5322,-0.38730515322095604,0.04005359743391623
train:5323,4.501242009407527,1.3169576876345406
train:5324,3.9710896106543965,9.993093547183557
train:5325,-2.3377921610013757,-4.249219021203298
train:5326,0.36464762415431223,-0.19850338107602755
train:5327,-3.618918571709201,-0.012413767287735342
train:5328,9.119322498526282,8.59110413778267
train:5329,2.7186020551454018,0.25831037066240725
train:5330,0.11232629219115789,-0.01687477081662933
train:5331,-1.2150555889946237,0.008117976488357492
train:5332,-1.7855804050814572,0.13515457458268174
train:5333,-0.8130980982834998,-0.04150330507367031
train:5334,-2.0176313784947895,0.2397426382576698
train:5335,-3.392039794141437,0.08944662169993411
train:5336,-2.2311438072481646,0.10977407519609807
train:5337,-2.146381861730995,-5.083897747101115
train:5338,-6.206042565165708,-2.1901300690719667
train:5339,17.357318951124746,5.193754499992375
train:5340,11.699583859814119,3.1128188993991244
train:5341,-3.1946636865932736,-5.298913837369504
train:5342,-15.48043130101237,-6.102211750211876
train:5343,0.7497342256210339,-0.036209305075150106
train:5344,0.6387340211520975,-0.0566550243828092
train:5345,-1.5496666730898863,0.13385322267380517
train:5346,0.17832490593004813,-0.24695384537033443
train:5347,0.10973554510356885,-0.057046628306276215
train:5348,0.3394746050884925,-0.07862764233996469
train:5349,4.426767503312632,-0.1291160163052102
train:5350,0.49296782718781423,0.08277080909569381
train:5351,-11.06280141212733,-13.349384322386463
train:5352,-2.16670173388599,-6.920833716621875
train:5353,-6.005915546802423,-9.72970180670418
train:5354,32.876227350899654,13.116916760732757
train:5355,8.78867947659209,4.084812649430592
train:5356,-1.774707403351992,1.708846790060772
train:5357,2.178606212208874,3.1664428153074966
train:5358,-1.925761557365488,0.07403554503820395
train:5359,-15.126740509473848,-5.909229336727324
train:5360,1.092944404939634,-0.15853410193658946
train:5361,-0.7574882757596334,-1.4232433321066684
train:5362,0.7669398547313965,-0.05555011640931115
train:5363,7.570103161629043,4.074768187119675
train:5364,7.562976921815931,4.802288101546192
train:5365,-2.9688230675264666,-0.02784025131694616
train:5366,-0.7661055027257102,-3.0260997326395294
train:5367,-0.11503460376688551,-0.03178082821093753
train:5368,16.797451647978665,4.857754624476604
train:5369,-5.963788999587792,-1.0894067651138313
train:5370,2.1355107790488796,-0.10656162756484941
train:5371,-4.821677033256181,-4.325944572719214
train:5372,-1.2753224799036635,-0.25468862916725077
train:5373,3.5824126916670096,0.03845080323349653
train:5374,3.469716936793688,-0.1683454564839561
train:5375,-15.632325094189651,-12.58974632383839
train:5376,19.41451486802996,10.058074975498142
train:5377,-0.18081656642586252,-0.24197526842273792
train:5378,-5.311399132573787,-2.6491978616084997
train:5379,-0.2254074034453864,-0.2410192983348864
train:5380,-2.8001374209064696,0.04538297731331798
train:5381,-1.5485055441798363,0.24624911248043274
train:5382,0.4884128079701106,0.3268237953111266
train:5383,-8.223772186957717,-2.025919345088656
train:5384,-0.33240862880729766,-0.47512369030372653
train:5385,8.594710741929514,4.5115034284754065
train:5386,7.200824650332299,6.918890045927473
train:5387,-15.106007094109447,-4.514291651165045
train:5388,10.622353777835237,1.2882624643274627
train:5389,-1.7063460840591982,-0.28603349169857384
train:5390,-4.151783525667813,-8.016620528571366
train:5391,-13.86609529693975,-2.9746325628568315
train:5392,-1.369991098245578,0.12182506179975211
train:5393,0.7332401511840774,0.9911848802664942
train:5394,0.6055808269276068,-0.3877671978869578
train:5395,1.9569758767894796,4.502869310932211
train:5396,-9.948616048946423,-2.7745878686337324
train:5397,-6.84300092435894,-4.47418456168314
train:5398,-0.3795835878545635,-0.013030775291012167
train:5399,7.183294044602067,13.056285916480121
train:5400,1.547756855569418,0.19924266090500864
train:5401,-2.9216191674282896,0.041315432298421106
train:5402,4.1734042935166755,0.09490510961239147
train:5403,1.912352728074561,0.14940046907868623
train:5404,-2.263282553712203,-4.025380215800884
train:5405,1.1138033477537692,0.1073051872181307
train:5406,4.299080516525572,8.730779342357064
train:5407,-2.621183163981658,0.0031325518218806997
train:5408,-5.517084692377936,-0.678293690556834
train:5409,-0.9614373725091131,0.012626343406173537
train:5410,0.9861726158608496,-0.14081477336895892
train:5411,-0.06332914984626245,-0.029005790134696854
train:5412,-3.5238654674379126,0.04402684365339901
train:5413,-11.927067201883347,-5.065900800597212
train:5414,0.7765213184780313,-0.05768888727292415
train:5415,8.246672404960918,14.471540498638625
train:5416,-8.568074455089013,-3.563884764260475
train:5417,-6.009078373619268,-0.21021640422077686
train:5418,1.889964674956059,0.14212526708120488
train:5419,-1.984158786648195,0.024395574910065332
train:5420,-0.05617513127344084,-0.16896046723589286
train:5421,-0.3031932771726461,-0.05902561906268228
train:5422,-2.3860716453771906,-9.240982963433527
train:5423,15.318685289619992,5.039141567323851
train:5424,5.104532046915874,1.4166957117517478
train:5425,0.4206802882171937,0.09515761924610246
train:5426,-7.127347563164891,-2.1944034736357025
train:5427,7.575268383727403,6.37175103031604
train:5428,0.06696764560408744,0.0969936638708823
train:5429,7.154073113969649,4.05925439467474
train:5430,-16.247231069963302,-9.939818354113717
train:5431,1.5521300924432464,0.07479649779877705
train:5432,0.9844779952894253,-0.11688142523907816
train:5433,0.09146084054629537,-0.09415727013480998
train:5434,26.943989762341193,9.883449013758709
train:5435,5.310676944202757,2.0789845414461676
train:5436,-12.93389684088596,-3.356297307690728
train:5437,15.071866709120041,12.715673531655229
train:5438,0.590296930089393,0.1484728171616209
train:5439,2.5450101449066826,6.296426122632765
train:5440,-0.17444639703916476,-0.025503752570664562
train:5441,-12.709000932107532,-11.503364853770988
train:5442,1.3095999015594324,-0.014882084622462668
train:5443,7.683789653522311,6.056339962900364
train:5444,-21.232746211617137,-14.024290930082692
train:5445,-0.46129905190413356,-0.16667375711230342
train:5446,0.3347902228600895,-0.157603668133729
train:5447,0.8405240457661329,-0.11729314433675608
train:5448,-0.8321131823359702,-0.08198901634533085
train:5449,-4.594908905810776,-1.283764999450083
train:5450,-0.23163833034617426,0.03440009219418039
train:5451,8.956821170929903,3.153440994405151
train:5452,-2.5363614766967437,-0.09880572996805215
train:5453,-4.026290479752235,-0.10665036258867328
train:5454,5.411940402820571,3.9341477120181803
train:5455,2.9848109072975864,1.375402825617072
train:5456,-1.398452587807098,0.04809752720611603
train:5457,-0.467197098604883,-0.04105035700190063
train:5458,-0.3963793930873648,-0.0204247424128237
train:5459,0.8507057166890939,-0.13057258317537354
train:5460,-0.4572469560892113,-2.143475847036448
train:5461,0.6620351702383023,0.11903347506955071
train:5462,7.1043865598656,0.872133721012267
train:5463,3.3719268692016926,6.752594334205922
train:5464,-9.177632961503948,-2.624904722915783
train:5465,-1.6682150290779885,0.12212222426699502
train:5466,5.753762341528397,1.274381139531429
train:5467,-5.842303998650608,-0.3133544634228619
train:5468,-5.1052858496075775,-1.810463859525447
train:5469,-2.335411556162973,0.19104993590797237
train:5470,2.4991912310039166,0.09069005331994819
train:5471,-0.37320830438658015,-2.492997114124607
train:5472,-0.10009102579239812,-0.6539156686821639
train:5473,6.636568070693814,0.33098449783495754
train:5474,-4.125538060510599,-0.07509265012882096
train:5475,3.849512323795833,0.051714834704633325
train:5476,-2.8877030452592978,-0.577776310434563
train:5477,-10.062696325098676,-6.374884492165894
train:5478,-0.3612592534629965,0.3060963209037052
train:5479,3.330087175455531,0.04938718092857211
train:5480,5.167882031465353,0.7135135888514794
train:5481,0.3132604055645918,-0.07038056357431605
train:5482,3.8141372937110307,4.857663321558199
train:5483,0.03870653504566318,-0.26317281019912975
train:5484,3.4659257753534467,0.9871156233218772
train:5485,0.5839512850470416,3.422533520671253
train:5486,0.2428123086490715,-0.15895694857744785
train:5487,-0.4173749051176473,0.21172448315488143
train:5488,-0.9375067265083107,1.495052161647655
train:5489,0.20137848699038627,-1.236802344743331
train:5490,-0.7439152715696615,-0.08717002898232615
train:5491,0.16247311361090302,0.020110329499098994
train:5492,6.749000217922691,0.29723808322799006
train:5493,-0.6588278845161415,-2.000917324831019
train:5494,-1.5365983357394977,-4.196800874461099
train:5495,1.609481027186587,-0.28075803760535445
train:5496,-0.862640295820354,0.026533775130438322
train:5497,0.2235230401022258,-0.11761142060387991
train:5498,0.44785140208708457,0.2142143422719197
train:5499,-0.02383007812118007,-0.0029097041251220507
train:5500,1.4102694293734075,-1.7299081505824838
train:5501,-3.516492821890136,-0.27232835300289787
train:5502,44.18522031711458,18.824302135191747
train:5503,-0.40555347376796114,0.005879913700980177
train:5504,0.6966119387260855,0.15370818356722857
train:5505,1.1173845994030647,-0.24283180392601517
train:5506,0.1921502435398117,0.046807017518799905
train:5507,-3.667353105731263,-0.1428513990926075
train:5508,3.293676311452173,0.5202878316902595
train:5509,4.454090644871647,1.9131509080882263
train:5510,-1.341157675499658,-0.0457989647237671
train:5511,0.42899927126102944,0.08913562113412059
train:5512,-15.69945531464208,-4.753896473324484
train:5513,-2.2248832419217446,-1.3276645839051922
train:5514,-0.9373953790112309,0.08629695633661714
train:5515,34.79054513501746,19.10349618809277
train:5516,-29.371529487276792,-19.332160983194946
train:5517,10.316336452040197,4.31978070994321
train:5518,-0.6150150852267352,-3.2624513176875873
train:5519,-0.2601099318411451,-0.16309953317840797
train:5520,-0.37972085444543124,0.005535673166435204
train:5521,1.1661004078958292,-0.15121303448869108
train:5522,-0.17279675713722886,-0.08916556839269293
train:5523,0.6067603200386366,-0.19402525824993283
train:5524,-14.092149777587588,-5.147643732801046
train:5525,-5.954275878563791,-6.807511958158306
train:5526,-8.7648968471089,-2.5138966374688962
train:5527,0.8630153103433057,1.4434490361130212
train:5528,-0.35264039928923796,-4.53787205645097
train:5529,14.476018589715066,6.267615486730392
train:5530,-2.1135973462755406,0.04492532143481808
train:5531,-3.3203924451644657,-11.067914986313411
train:5532,-9.466506027164051,-14.076747880565213
train:5533,0.8435399589751397,0.04701530230140896
train:5534,-0.5636815644905125,-4.280951065172978
train:5535,4.1443656101446145,6.350331936301709
train:5536,-3.3372307902552327,-0.09650603771075214
train:5537,-18.653114347243896,-12.75602377497626
train:5538,-2.7068914469948866,0.005114681116106898
train:5539,-6.755111253219203,-2.386889427501433
train:5540,-5.769234935076266,-4.715324984801486
train:5541,-1.006688855847428,-0.10662867814555232
train:5542,-3.0813686543765866,-0.8530483323468934
train:5543,3.2000790931395717,0.05932036780768406
train:5544,0.4822375548178627,-0.023931487783586197
train:5545,-4.64648581032454,-5.150073531717072
train:5546,-0.7001612842150385,0.09256490168504972
train:5547,0.008139322514836317,-0.1911412273148474
train:5548,0.09242670453453516,0.14634403255470832
train:5549,2.3576041712828526,0.0030027304847750624
train:5550,-0.8727901199644007,0.23440370010399764
train:5551,-6.756652916268543,-0.34683524360159784
train:5552,-5.810594835014552,-0.3763258009244602
train:5553,-1.4358906847741215,-0.03734873696466964
train:5554,2.470185556701971,-0.05942307207935957
train:5555,3.92163807183124,2.759971923508101
train:5556,-10.34542040538768,-2.6325581900509962
train:5557,-1.4209036371087076,0.3006459646574182
train:5558,-0.06745226165358115,-0.8800972499064994
train:5559,-6.086194535156366,0.0517602008422153
train:5560,0.013158909525680107,0.10440931543581478
train:5561,6.09193143144893,2.2271001301837687
train:5562,0.13626577160508974,0.2883500294429835
train:5563,0.8493321209474551,-0.019643817138849745
train:5564,0.8738306624291888,0.10893351770354151
train:5565,-0.5669399316441003,0.2205430611254149
train:5566,-1.3655595143534471,-0.06377280017644871
train:5567,-0.0817795928331651,5.846328413846992
train:5568,0.16591163590068472,-0.15021355285378762
train:5569,-5.643069619929884,0.08310563401677837
train:5570,-1.3153085516420702,-5.706642997513154
train:5571,0.3137164886319628,-0.031140281174009674
train:5572,0.16426257714434944,0.08847396029731182
train:5573,-1.7300038240859466,0.1407391746511846
train:5574,8.433472127494175,0.37561821481835844
train:5575,0.48066427744784895,2.707315247891571
train:5576,6.296826633236228,0.2915225205359015
train:5577,-21.118123842848618,-6.341291865912113
train:5578,2.7624506530038064,-0.018815243154333708
train:5579,4.6549926790079255,0.441261874612993
train:5580,-3.2171014857751885,0.1323686942848806
train:5581,0.043893840676847526,0.1324511522330642
train:5582,1.1677899143859682,-0.20487461285090458
train:5583,-15.206202174655072,-4.286486589922839
train:5584,-4.290155687926216,-0.17460170364596816
train:5585,-15.4452343339396,-2.997047429325006
train:5586,-1.2683557064433635,0.14589379503832875
train:5587,-0.13621643107672865,0.3467764788594042
train:5588,-3.120007398154503,-4.818064735022034
train:5589,0.13532780260567998,0.14942165420897216
train:5590,1.7481209813377587,0.09153517595842493
train:5591,-1.0182580700064428,-0.175587204521491
train:5592,-0.031544902198605396,-0.30275747579479106
train:5593,-0.03493065646785029,0.11296882137537699
train:5594,-7.175319505288854,-1.3844484367552015
train:5595,5.717979114773715,8.169170526108323
train:5596,3.586271498455164,0.1045387087904904
train:5597,1.2641110783578218,0.3345590070904729
train:5598,-0.9759555519039426,-0.21619703069785695
train:5599,0.4530552122533267,3.8140458558982577
train:5600,-3.4470617297757102,-0.15161134347022842
train:5601,-1.6204836812326837,0.048980312298434414
train:5602,-0.8584867319835624,0.10610483916273851
train:5603,2.9539334792451455,-0.12853510148686492
train:5604,0.6996975894071674,-0.8912310701626236
train:5605,4.003370389103227,0.28414453142481066
train:5606,-1.1145436678675384,-0.2403537856562074
train:5607,-7.888090400207862,-7.12562045616958
train:5608,0.07772337215134642,0.5409936216545599
train:5609,-1.4195646776448663,-9.751411358127683
train:5610,-4.95865119165772,-0.28320709573073094
train:5611,-4.2801962470809345,-0.688824340908252
train:5612,-2.048607833757577,0.11126459533904287
train:5613,-8.378123528650923,-5.512734430050043
train:5614,0.39282900153633066,-0.06052156031640732
train:5615,0.4427284873884495,-0.1712500305756824
train:5616,0.6953678222242662,-0.008854950721320587
train:5617,3.011298129024661,-0.008831269026859545
train:5618,4.757702957713057,5.049764661880153
train:5619,4.035964753718157,-0.18741806549530549
train:5620,-8.333825356555874,-12.111768698274725
train:5621,3.2619448318250526,5.781958715085713
train:5622,-0.2750900057593518,-0.3146884846572299
train:5623,-3.236807435717683,0.10009739245337726
train:5624,-21.510896443570974,-4.353230164562621
train:5625,2.0847723514076977,2.3755812159166054
train:5626,16.805595125051113,7.087672620889053
train:5627,1.2351372508347902,0.33762906772180645
train:5628,1.904143232861883,1.628034576981418
train:5629,-1.4978319723876838,0.2202825624863436
train:5630,-6.45832437922802,-2.067037614391884
train:5631,-0.18762015420150685,-0.0197025933925723
train:5632,-8.562188612445876,-16.12712154115245
train:5633,-2.2608445316884587,-1.5822328131045622
train:5634,1.14007345348445,0.03368108171174912
train:5635,1.8696294605572072,0.06348934465849534
train:5636,-10.935259944198666,-18.786650012747305
train:5637,-0.302985110818502,-1.972586314571887
train:5638,10.249970554281711,16.579748851602382
train:5639,-8.057889986715137,-3.6237503759282386
train:5640,-0.7264588200180689,0.09206615949326802
train:5641,-8.477066124198078,-16.54881548266599
train:5642,0.0309674190821317,0.15945028116997825
train:5643,-0.7732024528005504,0.0071581545586357626
train:5644,-2.1507434756928103,-8.303997605534342
train:5645,1.6734670174813906,-0.04440887779106667
train:5646,-0.47204489897618185,-0.09873925003058925
train:5647,-1.347836898116768,-7.924144367665903
train:5648,5.177281247951631,6.900049688714814
train:5649,9.76236057053502,0.15648322164346923
train:5650,9.572093500890189,2.7218860523823647
train:5651,-3.713717831582137,-0.4207212743551508
train:5652,1.1593591189285721,-0.1814294500128651
train:5653,-4.832297120420254,-0.48489723973644155
train:5654,17.69095789485928,8.22775161984279
train:5655,-23.201578242572506,-10.335487540022683
train:5656,-5.682902269229726,-0.07333506894954453
train:5657,-32.69796599260759,-15.562715431741111
train:5658,-2.5899826189752693,0.11484167248913843
train:5659,9.476960430984253,3.4306004188338632
train:5660,-3.117968739387508,-6.309457962124088
train:5661,5.98033334438607,0.9179389685674391
train:5662,-0.5334980242852186,0.042765436771324154
train:5663,4.197672933798803,0.08121837416120631
train:5664,-27.124112062541833,-7.67385339487214
train:5665,4.3088423678666405,-0.1907851459330719
train:5666,-1.498454960471555,-0.008874923234721444
train:5667,-1.598805323121666,0.434824305561463
train:5668,-2.161055323230311,0.28332551571456505
train:5669,-8.290995390706247,-3.160204603226421
train:5670,4.917797412689886,0.3406591833263382
train:5671,18.401346557732204,13.244293462198137
train:5672,2.660332677894832,5.42476172577598
train:5673,14.29418045586171,2.80434228863623
train:5674,-1.0307150421849736,0.04145695182194726
train:5675,-2.2486637198993455,-3.9735817876173516
train:5676,0.5894459004718369,0.12285221963179677
train:5677,17.641301095409982,9.765235701441648
train:5678,-0.5892377909653849,-0.09644141236381931
train:5679,-14.847619531908723,-9.457776036751355
train:5680,-2.6377895157486555,-1.7122407505496957
train:5681,6.464941827334651,2.366919707497889
train:5682,2.9734711294216987,0.06253480117874384
train:5683,5.6646964316929935,0.4668001568554435
train:5684,2.571869299818158,-0.101815302415943
train:5685,0.24192687521195827,0.28781333947574017
train:5686,-0.8301449584157714,-0.005001824903863028
train:5687,0.3178826052137278,-0.06582483326757796
train:5688,1.0461886843286594,0.10513046583039613
train:5689,-15.089151082192421,-4.484784830509842
train:5690,6.5347067294820755,0.21171977534815123
train:5691,0.8567563722245677,3.1986076921747353
train:5692,2.304416796080634,0.08997246944561697
train:5693,1.6314659977164947,-0.05791914182027416
train:5694,7.948428482719845,2.42835173485952
train:5695,-19.40682950676762,-9.850432796996229
train:5696,-6.51238672724654,-1.8292708341085648
train:5697,0.06525233624928084,-0.1370981739466773
train:5698,0.5151564311361811,0.024278165063430224
train:5699,-12.888598168524876,-9.033716208364675
train:5700,0.4409848181283324,-0.1999416873625101
train:5701,-8.82746809655354,-3.3990302120416067
train:5702,1.475176884132563,2.402177185404442
train:5703,-6.208763721326077,-1.0132390173650392
train:5704,0.5993593145855491,0.06593526424605171
train:5705,-0.9163042104150855,0.1592930689573514
train:5706,2.5911586845941237,0.81930884830074
train:5707,3.5809979508168466,0.21894098022904523
train:5708,6.365822563524905,3.685208593060035
train:5709,0.6831112290488315,1.3454410596387592
train:5710,1.3290685116386314,1.397730668991143
train:5711,-3.8602604360688555,-9.554882967549617
train:5712,7.1568235598682906,0.4280109679363768
train:5713,-10.536205391991787,-7.428981250285651
train:5714,0.8144854684427413,0.07479050604475679
train:5715,-0.9150596289967855,-2.3687258531714432
train:5716,-0.1648708609776563,0.011395465937440022
train:5717,-9.144332853671619,-5.045236667589433
train:5718,-1.933047263531411,-0.14658597377694987
train:5719,-5.091059870220743,-0.5719095272838679
train:5720,-0.2126626479654261,0.09494733721215332
train:5721,-0.2479205190971427,-1.9919431039167685
train:5722,-0.7044268929236307,-0.03716071001708146
train:5723,-1.6228803256896636,-0.1760099085015394
train:5724,7.4075246578969,2.8599038236661065
train:5725,-1.4053468342964401,1.2843760985412738
train:5726,0.39092284396627863,-0.37786882024548735
train:5727,-1.8338429200057336,-8.523832207321501
train:5728,1.9524905950438507,4.962550402290961
train:5729,-0.5009794410566111,0.040930818754644376
train:5730,-0.35122798302147745,-0.13594518928020716
train:5731,-0.47838403518780614,-1.6604206379230422
train:5732,-0.09492533877755704,-0.11059564728939483
train:5733,-0.29782872213327094,-0.2133512328598532
train:5734,5.083319302660077,3.371474646126792
train:5735,0.04314055974931659,0.1255278231234631
train:5736,2.6587752076851556,0.02950169062180738
train:5737,-33.361639847519825,-11.68784810683861
train:5738,-4.696490367301252,-0.2252856655817322
train:5739,0.16604832134595188,-0.0356252517189847
train:5740,-2.242241131179471,0.3441207052203287
train:5741,-0.4119579307450958,-0.23106200177888336
train:5742,-0.05654578593751988,0.09190894728064118
train:5743,-0.29447074662373596,-0.04391398744115513
train:5744,-0.5635327912167524,-0.09286091135428362
train:5745,7.644471666766384,13.43204193588518
train:5746,-0.006531930631197891,-0.0949070953522026
train:5747,-0.3406089419194856,0.2222537068981993
train:5748,-11.382118138763568,-0.3918515768774354
train:5749,-10.490995053761996,-2.9283494015881386
train:5750,-9.609882550418563,-10.27794615827154
train:5751,6.2522253355958926,0.7563151130519707
train:5752,12.426129300217395,4.653565348401204
train:5753,-1.9854031356082547,-0.8292118509070068
train:5754,0.037038647171867625,-0.011084453860097529
train:5755,-0.5508877603218595,-0.06357079246947991
train:5756,-13.326243578112178,-2.4846993907714063
train:5757,3.635600996702189,10.42367468651724
train:5758,0.0001386910310232914,0.029943939132826607
train:5759,-6.456003516157361,-4.9448279950043865
train:5760,0.520170439149259,0.09529257637236832
train:5761,-13.993956627407,-8.217873845176836
train:5762,17.57199134649697,6.4747042011083575
train:5763,0.043518885535323876,0.26823642450101887
train:5764,7.25915121230997,3.573722023256387
train:5765,-0.2363973316696975,-3.7017955399367124
train:5766,14.402618505606608,1.847648339834688
train:5767,-3.124548702336032,0.34649401045559197
train:5768,-3.4840081775646046,-7.148018203340554
train:5769,-0.4121143751407842,-0.12714672648388456
train:5770,0.2806525583717281,-0.008430677472362133
train:5771,-0.5054872712515439,-1.9478368039479608
train:5772,-0.8104199468975766,0.19858527989250008
train:5773,1.0384055175286004,-0.0745970464748594
train:5774,-0.1324322433836948,-0.08914802111306216
train:5775,0.11218170316572224,0.1682630100473015
train:5776,-5.162448260718075,-4.22625804915442
train:5777,2.654434282506722,-0.11549989795497809
train:5778,11.432440060619648,5.23043202360173
train:5779,0.3781209037592168,-0.09788756499485221
train:5780,-4.160496060512393,0.07803917801021805
train:5781,-3.0429977024914385,-0.08405688478637077
train:5782,4.192807582830365,2.8616109029186405
train:5783,-2.571797875756973,-10.886037290279743
train:5784,-0.6121061028082435,-0.1067382416476371
train:5785,-2.0050493437830044,-0.15973245274064157
train:5786,2.2139424217675545,-0.014737854543546397
train:5787,-2.6006687242795734,-0.7255854637522705
train:5788,0.7954757309297965,0.03220825150924507
train:5789,-1.25856177586514,-6.63397364243436
train:5790,3.1586631707653856,0.25207181344083596
train:5791,-9.429109075305552,-6.0317144843392105
train:5792,-0.38994622751755925,-0.20496077998014833
train:5793,-15.047306739281455,-4.070208807450753
train:5794,-7.993644108107734,-1.5266818349746265
train:5795,-0.5506167140137277,-0.03834693465228306
train:5796,-0.9452076030913211,-1.2946671385507573
train:5797,-0.08701710944424351,0.062366176101316506
train:5798,-8.380280741120446,-13.694875706913567
train:5799,28.704126364197652,11.870690130129045
train:5800,6.803796204147441,14.081796872134076
train:5801,-0.4329765723702832,-2.144387449612388
train:5802,-0.8236142766141809,-0.0876148453879255
train:5803,-0.1568096741222581,-0.6290098018104708
train:5804,2.9318499464213716,0.5643437723931353
train:5805,-1.2484979612699858,-0.040188971031083154
train:5806,-0.15447532847366507,0.09540756098523333
train:5807,2.4830172515637847,7.145878802014824
train:5808,-0.3430933393621602,-0.13228807941569815
train:5809,19.77964539448768,4.953529103309409
train:5810,6.600983363276305,0.1876511847703846
train:5811,18.85514967468282,3.687276604161885
train:5812,-0.17768256443080865,-0.38257491504597196
train:5813,-3.527534588302023,-8.76136074405211
train:5814,4.499922576435867,0.036424734409788426
train:5815,1.4225297418806861,-0.23611647427740318
train:5816,-1.6897453112899665,-8.66477309860227
train:5817,-2.5605543355925486,-9.109478799413049
train:5818,17.137000610013324,11.391757247781578
train:5819,-0.23537544524555742,-0.04213885898224795
train:5820,-13.070483723859242,-1.4388341613890063
train:5821,-4.064334595351591,-1.2033890431277279
train:5822,-2.8244014120237906,-0.12320757619799327
train:5823,-0.5189693842695781,-0.2452496193340003
train:5824,18.039734519198912,5.651770454376732
train:5825,-9.902425666775738,-15.680541847941434
train:5826,0.2524019084341151,0.046036649144766406
train:5827,-3.5684932653176364,-10.188188541761557
train:5828,1.7892944497673633,3.8825156263391154
train:5829,0.071191876745915,-0.001412050941676929
train:5830,-4.298589737798976,-5.523532712081032
train:5831,-5.086860744568862,0.10208636946648376
train:5832,-9.447132957421596,-16.0099547885376
train:5833,-3.849267020970941,-8.059241872168819
train:5834,-0.29811894624622337,-0.0015538557868230857
train:5835,-0.4357958259080382,0.5727289468228699
train:5836,-8.687164671235138,-1.3070943217103976
train:5837,-2.3184602363674442,-0.009531733603990011
train:5838,-5.304563465560988,-12.706294499181059
train:5839,20.289353788385522,5.889765777277681
train:5840,-3.2780083342196376,-7.850563916367384
train:5841,9.267522065349505,6.485820331424041
train:5842,1.2254349088032255,-0.0016114907540655948
train:5843,-0.08615352708171384,-0.023666138676974646
train:5844,-0.4100690913139423,-0.14053473019891674
train:5845,11.70663385332443,2.32049588267053
train:5846,5.220836948427321,3.6163667632266816
train:5847,1.3496905795059515,1.200791415280259
train:5848,-1.6174907813894617,-0.02697430020020851
train:5849,-0.03235385687467626,0.020864434540791787
train:5850,-2.5373131607323285,0.1797937126768629
train:5851,7.35775395390988,13.740278305844024
train:5852,-1.890040861877433,-0.23634444625179307
train:5853,-0.9452836169358828,-0.0969582724784718
train:5854,-0.09412870438821944,-0.2760459510508495
train:5855,-7.48722174389407,-1.3959742889172226
train:5856,3.485765853700565,9.767438384348143
train:5857,1.0691978658651098,-0.10589055111458023
train:5858,13.255555178757668,11.224473181968303
train:5859,-1.560534793196306,-2.790266862296654
train:5860,1.0508345947183009,0.018120211199512445
train:5861,-0.1918083543160956,-0.2732791873015892
train:5862,-0.49494250055731204,-0.12026419836594526
train:5863,-3.054309120462016,-4.893175080847061
train:5864,-4.859325969847112,-1.3417189562637633
train:5865,0.0011805688638249212,0.18251111578586107
train:5866,-3.9688119254349963,-2.966229270504226
train:5867,1.6792979999798279,-0.28733798214527057
train:5868,-23.244372874769613,-10.305713658331147
train:5869,1.7668957035698103,3.0107165576776844
train:5870,2.310719203890299,-0.18266874446938897
train:5871,-8.316953537478511,-1.82939095451059
train:5872,-1.1646463222216359,0.06928864924605753
train:5873,-2.339053944329454,0.1062520651186649
train:5874,1.96960021890099,7.150287591687255
train:5875,-0.9120516193679472,0.062102253602805024
train:5876,2.304502340713046,-0.3997832325921603
train:5877,6.169077812557261,2.7314015284097786
train:5878,2.916626256267383,-0.20315069962278964
train:5879,-19.950841298262713,-5.6929623964767995
train:5880,-1.6321572691415707,-0.8727660535410906
train:5881,5.134279263004218,3.8076751947666208
train:5882,0.017591423250771898,0.024150055656044653
train:5883,3.475335917377017,0.6425833830856476
train:5884,-5.675054943955358,-0.021712398883939693
train:5885,-41.38054533851539,-13.20926629865781
train:5886,0.1822776258472634,-0.10299596327955435
train:5887,-5.268907161005483,-0.16508822486989444
train:5888,-0.057782928692131724,0.12778885430125145
train:5889,6.89773490361497,0.254281486727022
train:5890,1.9662988469729559,6.671032295909175
train:5891,-9.547603268523677,-0.8696791589341764
train:5892,-8.80364205676085,-3.7822365495884305
train:5893,1.1726594496027305,0.08573515806681271
train:5894,-1.1418342652729176,-0.08045270208237404
train:5895,1.643235590878605,8.450626038169561
train:5896,0.06667405084665137,0.028416755161710203
train:5897,1.0351232071762668,-0.18478782814122113
train:5898,15.393097031990019,3.0435981624543946
train:5899,-1.0816159581360902,0.17803527553272644
train:5900,-0.8382782073256472,-0.13495141407770395
train:5901,-7.856931697684718,-5.680533786709059
train:5902,0.10551724164686767,0.04336404153011019
train:5903,1.4247297266664143,0.03522552764087628
train:5904,-1.6041825471351348,-0.136447070009809
train:5905,0.15599822178697254,-0.04677419402096952
train:5906,-2.834009376009814,-2.869556599211622
train:5907,-14.58007497470806,-6.091537297763972
train:5908,-7.912750500166569,-3.1245482456950904
train:5909,-1.4471632822185772,-0.1557156949741069
train:5910,-0.18863832129380298,0.2221622613189853
train:5911,4.108351319899124,7.357549781610189
train:5912,-2.241570489156349,-0.6173726742166448
train:5913,-0.5346361398294839,-1.9723737499649778
train:5914,-3.58400938793786,-7.221222600743897
train:5915,3.1080165641291027,0.03431335442169661
train:5916,2.431212537974575,-0.30886521305358666
train:5917,-3.537038410996414,-0.10975409117116824
train:5918,-0.18606826298959617,-0.37017155624160264
train:5919,0.09579025904183616,-0.029387550462273454
train:5920,-2.9657006884434254,-0.01487209836576224
train:5921,1.015003365337007,4.944728072618505
train:5922,-1.7864869922184332,-0.003905476578965353
train:5923,-0.05462905151753644,0.08585741838098804
train:5924,0.5828924377627018,-0.060878497663042846
train:5925,2.7186559854571395,0.6995934603151241
train:5926,-2.8902972792204906,-4.546009999696964
train:5927,13.52094531298769,3.5736538313892043
train:5928,-35.57268964548411,-13.384805289581283
train:5929,-0.09495160655870533,0.7045988574950017
train:5930,-0.08572022492188738,3.0162298273411845
train:5931,-2.6109684839885814,0.023735055359736607
train:5932,-5.445035190645332,0.07511092222403072
train:5933,-1.0242294572819914,-0.014980663242176964
train:5934,-3.435455554756496,0.05742269371298154
train:5935,-1.9514914301458273,0.0346948294276532
train:5936,-4.1448948581762375,0.12413031782864235
train:5937,-1.0033895760435563,0.07978877018413413
train:5938,2.05229072903929,7.432451842652606
train:5939,7.5834281328766675,1.4882224180294181
train:5940,8.583850292945023,8.309030048449245
train:5941,3.2320953341109986,-0.10069926689926448
train:5942,1.5119480584083087,1.0579010640307553
train:5943,12.920705592507908,9.363263760946609
train:5944,19.62396160216136,6.884771286606389
train:5945,-25.367307982017604,-17.908684573234165
train:5946,-0.27514905015237534,0.133688592099058
train:5947,-18.7219331443535,-4.484339443461002
train:5948,-1.8449906873751747,0.13769593425213225
train:5949,11.509817040302307,1.9648501870088046
train:5950,1.737429761952169,0.05716704554145042
train:5951,0.6034257065822467,-0.28669329794485254
train:5952,-4.712567179196959,0.18873968675073194
train:5953,-2.307070712428143,-7.62488421587265
train:5954,3.3773877781816517,2.8340902060603437
train:5955,-9.321441857085324,-5.659559794421948
train:5956,-4.2919930378571545,-4.280204949136645
train:5957,4.476897122822598,1.9193542280897262
train:5958,6.866406971492925,0.33789812600947816
train:5959,-2.9135895948935655,-3.0809802049624357
train:5960,-8.215643587212647,-7.069103949677522
train:5961,-4.71559518023446,-0.03908791489945529
train:5962,-4.827168626723853,-0.824965266575552
train:5963,-4.769373464283394,-6.811710180475169
train:5964,-0.7166349023268531,0.007020058894549749
train:5965,3.0965521886364407,6.413026226510275
train:5966,-0.5491182881970745,0.1409852645484453
train:5967,-0.2920106410671675,-0.05126858017940497
train:5968,-10.15331505597895,-13.451498647615944
train:5969,-0.661653181968143,0.011134111333508653
train:5970,2.340294400880858,1.2198717279753488
train:5971,3.3626727066573303,-0.03700906157604489
train:5972,0.05918819813587253,-0.011560655643898243
train:5973,-10.211052103859346,-11.174177887897873
train:5974,-0.4308739875872196,0.09520783585122464
train:5975,0.09615556716638944,0.4149228372439776
train:5976,-18.328044744077943,-5.204668682419966
train:5977,0.5129741131767118,-0.0022426221775330435
train:5978,6.367300533016416,14.116110791443248
train:5979,3.236874907988784,8.934639357282968
train:5980,-0.09773924577578635,-0.5039908198868619
train:5981,-0.6064173847528394,-0.07918045297873871
train:5982,-6.436224109410948,-8.1277761252958
train:5983,1.5689035816849835,-0.3613168850861376
train:5984,-1.297786779324967,0.11918112900790713
train:5985,-2.6628773388694236,-1.6106631152874584
train:5986,0.8540259177345882,0.22241576957836634
train:5987,-0.37120846614570724,0.014376506223329644
train:5988,6.357357829164433,1.2670935973738822
train:5989,-2.0308838227714565,0.16000380511280232
train:5990,6.565900765657737,2.2603924554324863
train:5991,3.2286781979793195,0.1534979015332794
train:5992,0.4124838106659699,-0.19598598842265808
train:5993,4.692342209385414,0.01705938541630632
train:5994,-0.8215574861044466,0.27987226814755484
train:5995,2.322029692027915,-0.1478510898400849
train:5996,-8.426864442633635,-6.6575737349120665
train:5997,18.06324813511671,12.138943810832309
train:5998,5.896913380289865,3.5144767007905306
train:5999,0.7567712014698895,0.27651417534081885
train:6000,0.03662615002454356,-0.061432734909916964
train:6001,-17.169539822643888,-4.6017578497447085
train:6002,5.8226132178751575,7.580443601807121
train:6003,0.17370410103035364,-0.024634234933676752
train:6004,-1.6653618366371568,0.16535130291507488
train:6005,-1.7149788857273718,1.6242286718920724
train:6006,11.341554467679567,4.34186346204569
train:6007,0.5510188099216685,0.7087147645244909
train:6008,21.8757306451538,9.500230122060604
train:6009,-7.284361016625442,-0.6260938148539441
train:6010,-28.67118302038268,-17.49098627568728
train:6011,4.900041322466611,0.20004070547618336
train:6012,-3.8977661783837925,0.04064563979544198
train:6013,0.7782805624402452,0.02838437115783879
train:6014,0.7760749986567508,0.0785046802332683
train:6015,-0.375770924027099,0.028497358519363705
train:6016,2.2474338427316094,6.496684237427633
train:6017,-0.3126329413927283,-0.4623876464904227
train:6018,-0.012278065871943855,0.07999220449920298
train:6019,-3.833253902633062,-0.03720365092089334
train:6020,1.495523488985187,-0.06648677942600673
train:6021,-1.5909975157481404,0.22264302824870622
train:6022,4.228127752770468,0.006310749347198913
train:6023,1.3501324826206673,0.1399618158974608
train:6024,1.94892282597249,3.645239028598977
train:6025,1.7914081925459588,-0.7504927572320637
train:6026,-0.13337579138087058,0.041474071119148005
train:6027,0.21371853267407082,-0.07466695027176246
train:6028,-0.2960521600321584,-0.1426588069990991
train:6029,1.8033521293882573,0.18514206644399547
train:6030,-7.136435750525714,-11.192202225277297
train:6031,-2.9774402944925433,-2.5306281825880435
train:6032,-3.5676210820002177,0.009209331684904953
train:6033,-2.9220389870101817,-10.026439715376522
train:6034,-0.3924604958441059,-0.03065452111593854
train:6035,-21.320901814983717,-9.313764514196013
train:6036,1.6387756470811636,1.282516800204463
train:6037,7.993861980860276,12.779783017099057
train:6038,-1.2208907557413853,-3.0279352066210694
train:6039,-0.5153186276064479,0.040734517480075845
train:6040,9.007572383774297,1.7285386896483583
train:6041,1.048139008964359,0.3717496816334202
train:6042,2.2391302019316304,-0.0042830997430517714
train:6043,0.7489192270307166,-0.04156564784764302
train:6044,-16.556474916133016,-4.837473452901758
train:6045,-0.6147596136207002,0.18169167209318543
train:6046,-6.043185111545265,-4.69447767531366
train:6047,-2.1154823501457303,-2.828482840081116
train:6048,13.77766568468934,5.519760700445591
train:6049,4.552383752095543,0.010421663248337668
train:6050,4.183291207391,4.973816041135531
train:6051,-0.5389254592785816,0.05339338179516632
train:6052,0.6921757056691498,-0.04320710312757439
train:6053,0.7205228257764666,0.30184388747904034
train:6054,19.347462753546257,8.233876904381216
train:6055,-2.1038775698759573,0.13655835695314278
train:6056,-0.004926574024029656,0.15399792767235115
train:6057,3.33012390385749,-0.24544734721666894
train:6058,-15.744340211335519,-4.889433373122218
train:6059,0.3488451129821002,-0.026057847156728653
train:6060,-9.820605015372454,-5.447893950615743
train:6061,2.548823389879748,-0.09052569655529208
train:6062,-0.2411190234456606,-0.15469110503664235
train:6063,-12.105244583369243,-2.8069995487022816
train:6064,4.563523150968335,0.18363699489843002
train:6065,-0.7281883093255308,0.018681724147696865
train:6066,-9.692684175595701,-1.0628187846313553
train:6067,-6.335246574428641,-5.855544932635509
train:6068,-10.793506909294063,-8.540631944307831
train:6069,-1.4976464707119646,-7.832275941811069
train:6070,4.048804817076619,-0.15393100824092928
train:6071,5.003184903331569,0.4578222267601331
train:6072,-3.259926802460012,-0.2876033312518821
train:6073,0.14558664966440404,0.17114475840942678
train:6074,0.36134439256035616,0.15197742262023328
train:6075,2.112231945953739,-0.00746486378862013
train:6076,5.597551333913189,9.054865898950837
train:6077,-5.504961995148886,0.30137695864789005
train:6078,-6.729714725555382,-3.8753441272389795
train:6079,4.411743727245258,6.864653829822554
train:6080,-0.24162531749292565,0.05624830992501047
train:6081,1.2308635060877893,0.11657157747127365
train:6082,-0.1629981773942003,-0.04311408827945035
train:6083,-0.5819069879008529,-2.23940682477783
train:6084,1.3176413294644096,0.09867848803705556
train:6085,22.92564595407032,12.313851670332316
train:6086,5.490868808798661,-0.01374479264509322
train:6087,6.476535449608892,4.35107592651265
train:6088,0.3962577605800219,-0.0774183066535421
train:6089,0.7265121123365144,-0.06781181302934436
train:6090,-0.11000839169619459,0.060504167209115535
train:6091,-2.855467596167315,0.10322394676547322
train:6092,4.454305901202118,5.992041594544088
train:6093,0.6296574567032862,-0.17070278370849862
train:6094,-4.061316822476662,-2.5491144556702676
train:6095,-0.20054692448358308,2.2417794995509768
train:6096,2.7368797816597983,9.34768177663449
train:6097,2.052888379174973,5.807071582792725
train:6098,-1.7608394096551425,-2.59538648939578
train:6099,2.4513192459232607,-0.09954300103416419
train:6100,1.10274066010026,3.268560564396417
train:6101,-7.429109043497429,-2.4445186883115393
train:6102,-0.7661682664505778,-5.825491435756363
train:6103,-0.3254705639396685,-0.003442970232925238
train:6104,4.158471176163,0.06958424244439039
train:6105,-17.152055243645222,-11.942785256892657
train:6106,-21.856106228672207,-9.362988770723792
train:6107,1.7637775087350933,-0.13370284666852966
train:6108,-0.23372964090458564,0.1813960788948526
train:6109,-5.176955979492093,-2.1337418146481046
train:6110,-4.058477577530245,-8.793506789692428
train:6111,-2.9179435377334526,-10.22596968939712
train:6112,-17.036175740713436,-22.898249827060578
train:6113,4.384803676866176,0.4729651010990516
train:6114,-2.7882992525634855,-5.585615272736292
train:6115,1.5742770863666085,5.4718968574020295
train:6116,0.5290444162416922,0.6870414846119308
train:6117,5.616447864263132,1.1154181934441965
train:6118,-0.10676002024693759,0.0068141993457108
train:6119,-8.65069755233764,-10.25243498158299
train:6120,4.271302686648627,0.17722410616703116
train:6121,-1.1598748843822593,0.0492627807022467
train:6122,0.9951808375870274,-0.1353455858957511
train:6123,6.838919714416294,0.7238166952109375
train:6124,1.1534463111295667,-0.12098805931591675
train:6125,0.4925108142874823,0.21827133038687613
train:6126,1.5921233703871005,-0.14497875709142
train:6127,1.4948521495873441,2.408777530440189
train:6128,-1.5487565990793066,-7.0915929997669
train:6129,1.9555908905940687,0.048490129755253096
train:6130,0.48880717337469515,-0.20716403352988416
train:6131,-1.44637641107533,0.12529385939505294
train:6132,-0.7085702285978511,0.10492531958560722
train:6133,7.025486513792821,0.12595666151834178
train:6134,-4.695662351049481,-11.5510169881725
train:6135,5.603384640994029,6.916100741770232
train:6136,0.2864570406307768,-0.138815810099152
train:6137,5.467164577123863,0.5117437331181779
train:6138,-1.1337935347426615,-1.2536512997091136
train:6139,0.8968217122228996,-0.1420442242295924
train:6140,1.6121831217712557,0.012940197188187189
train:6141,-0.20950377293866546,-0.016001971981011373
train:6142,-4.076990086867295,-2.924533795563713
train:6143,-0.09136128903804022,-0.2636092096169387
train:6144,0.6727245299579697,0.030669797334138174
train:6145,3.016799020821943,10.75023783477272
train:6146,-6.373503156859586,-2.3292521776859667
train:6147,-3.630423394935667,-7.681935415080611
train:6148,-0.5231275972711745,-0.036828738312197046
train:6149,0.6598993439268829,-0.22455039176696023
train:6150,-0.022254708627004127,0.3287227533531192
train:6151,7.898418346745368,1.3419020729249354
train:6152,-5.99079971727191,-2.3843663284156635
train:6153,1.0937919476835862,2.0309238264847975
train:6154,-0.8518853828769358,0.19164882598837843
train:6155,-1.0060207708649491,0.39096409548991573
train:6156,-4.688400820540544,-0.11428243060238516
train:6157,-9.264378938101654,-7.181477299076168
train:6158,-1.5973505994541801,0.15846135643501524
train:6159,-10.038007400318177,-12.50463374330221
train:6160,15.032871374401582,10.326441643562932
train:6161,2.115876891160863,-0.06336536090307099
train:6162,1.8705367450689043,0.993087832811167
train:6163,0.10692303285478105,0.05920252997861893
train:6164,1.202552184549471,-0.19715323917012884
train:6165,14.869692198576633,6.987982388143197
train:6166,-0.41046810588333194,0.010160593966026324
train:6167,1.9728485903502473,1.5463032003031938
train:6168,-0.16293541366933273,-0.009633593422334441
train:6169,10.788504699803545,9.307978131923283
train:6170,2.187467985243694,-0.11655273473282388
train:6171,-3.1230907242531822,-7.477343835520995
train:6172,-0.8404005510591319,0.22094964443393258
train:6173,2.208315305145817,2.986184034145778
train:6174,0.17274242129043835,0.284498900876866
train:6175,3.837610694353261,1.4263681146701683
train:6176,5.376626741711195,0.08114661577377319
train:6177,5.163186839928778,1.9809919723393865
train:6178,7.11262627464951,7.639507459722649
train:6179,3.7219910797340714,3.1347236108107173
train:6180,5.022709070930188,0.8552819128302844
train:6181,-1.6887299336965538,-1.8455733981720237
train:6182,1.3282830352448256,0.8813225037847667
train:6183,-0.13428702768265155,-0.6831962292926972
train:6184,-3.6608996000654357,0.03094712994879023
train:6185,0.5182292966140493,-0.025358238544458234
train:6186,0.55300807131261,0.000889638566963169
train:6187,-0.43766967178269556,0.011519010198905388
train:6188,-0.9489273998518056,0.24633870346911665
train:6189,2.7650030444817544,-0.08770072719554922
train:6190,9.896816276361685,0.6521319564209829
train:6191,-3.2681428065034166,-2.3167162869891014
train:6192,3.556221621738014,0.4142444850923981
train:6193,4.659560948345324,0.36901858308666147
train:6194,0.10643324334257379,0.1677738261297902
train:6195,0.39885152962473414,-0.13159203732367786
train:6196,8.622609450091389,3.884583637440965
train:6197,5.928583490941559,-0.15249555517064686
train:6198,-1.088548327776833,0.25465154886817815
train:6199,2.8021503361902247,0.7556349063098611
train:6200,1.626108532653447,0.17641714529523106
train:6201,0.2567911849265203,-0.061455132657087935
train:6202,-0.8110155049090977,0.2656469881385963
train:6203,-12.873613910358344,-7.010138242399278
train:6204,11.557466330388804,1.420013146227632
train:6205,0.4846011902047272,0.44496577722318403
train:6206,7.763958921586856,9.650489617450978
train:6207,0.27066382778817477,-0.12392030960478426
train:6208,1.2882641868945437,0.30449124413032547
train:6209,-1.5983803894584887,0.837292242027692
train:6210,5.547552820850724,0.17941651749520648
train:6211,-4.9751004016543074,-6.0499653670849245
train:6212,-6.891951050757877,-0.46534186654403115
train:6213,-1.6539983480207634,-0.6919847058323194
train:6214,-0.9418178970319918,-1.6303955305450866
train:6215,-6.953088497776654,-2.0812066860417002
train:6216,0.10601458605188308,0.3938492677114812
train:6217,-3.938574222459724,-0.05226634988458834
train:6218,-37.01342862523673,-12.23975712929341
train:6219,-0.25311038176896977,0.006063375502648155
train:6220,-1.5009459829740766,2.074877194065279
train:6221,1.4519563980557253,0.33011890337024485
train:6222,-6.811730641880476,-4.0492034297854405
train:6223,1.9663704441109533,0.09466115962728087
train:6224,-5.950353843134288,-0.5144600190943696
train:6225,8.428790418535534,1.9195014540456525
train:6226,-2.0849833641084166,-1.2991358457633915
train:6227,2.3190398141418163,3.8356857888464786
train:6228,-0.37765104627424295,0.11952180302220194
train:6229,0.52994333225674,0.7251512870885455
train:6230,25.912410759415614,9.596311606956542
train:6231,-1.0487798369513008,-6.586256454703485
train:6232,0.1621755670633827,-0.22807154587953332
train:6233,-3.666333078973045,-0.1850105216656408
train:6234,-1.5379486856571112,0.00749754462564052
train:6235,-0.12855437501984013,-0.10235056577508628
train:6236,-0.3883991016995737,0.03783022870996955
train:6237,7.079977049889882,0.5157624881360527
train:6238,-0.3963337150431556,-0.13722057692166262
train:6239,1.433305111149246,0.022259086619412435
train:6240,-2.494969032604823,0.14552430354041268
train:6241,-0.9759990215948694,0.09261911279285207
train:6242,-7.042261338402572,0.07856331382618084
train:6243,-0.7430558734554564,-0.17638753166562582
train:6244,6.1235978227687795,0.23823043367160404
train:6245,-0.7309643256305993,0.21184988200687688
train:6246,-0.30739193790804614,0.7688227569084547
train:6247,0.25433038199523117,0.12355225622649721
train:6248,-18.0636969525972,-11.517551044718005
train:6249,2.172809168613513,0.047763415589081495
train:6250,0.17249020409976684,0.30499868863151747
train:6251,-7.117064540449181,0.14376501043141618
train:6252,5.485911869283565,0.08708900915377159
train:6253,-3.4142111961800254,-5.475025754105963
train:6254,-0.8972338013014353,-0.06620459634381445
train:6255,8.516830722614953,1.8576134827352413
train:6256,2.3901343774234727,-0.6496610953453488
train:6257,0.2923035978313109,0.947095842255697
train:6258,-0.7030267969426034,0.14347312641414348
train:6259,-0.2849013707055941,0.029824817356471425
train:6260,-0.454151658391159,-3.8595940884926745
train:6261,-1.4681205548683387,0.22230834598843166
train:6262,1.445870176409493,0.10534431438459543
train:6263,11.552450811397165,4.807736032558709
train:6264,-4.7742922806470895,-11.931287936892636
train:6265,3.191733144939867,-0.02894915379312439
train:6266,-1.0636055585979816,-0.04471017742179975
train:6267,-0.5524833536829372,0.028051400827284315
train:6268,39.924461617247054,16.630463057629868
train:6269,0.6395083395503711,0.22266407071818214
train:6270,-0.6924613374649893,0.13130758318005445
train:6271,-8.35314356615363,-1.4327225722883405
train:6272,-6.986735433303436,-4.9079347682503025
train:6273,3.07255831399429,-0.15810383693361074
train:6274,-0.9424943505111202,-0.04226810967611358
train:6275,0.1572567506996874,-0.020661559357433995
train:6276,-2.429333518637204,-6.435343572803283
train:6277,-8.473617373745725,-2.0246353977986002
train:6278,1.9673779181241975,-1.1889312259984592
train:6279,-2.2895717210185844,-0.30053439239246443
train:6280,16.9136733294401,10.849815080157052
train:6281,-0.6249364029206159,-0.02181939449144435
train:6282,-36.23195981149305,-11.26375403985753
train:6283,-1.2398158784548792,0.2632868076978536
train:6284,0.019460038815023534,-0.08328394851775717
train:6285,-33.88875471444761,-14.506381752120456
train:6286,1.2967735532371445,-0.15805276436362853
train:6287,4.03247462569904,0.09791411141704233
train:6288,-0.5599503772762557,-0.018569010596263008
train:6289,-1.3281916197749792,0.11627541362970077
train:6290,0.4066496899812892,-0.20118283640956408
train:6291,-5.650115429191869,-2.9985964404000534
train:6292,2.0116974763773494,-0.03618048759152884
train:6293,-19.50422393043471,-8.340159267654714
train:6294,7.886804733062465,3.4181369998284814
train:6295,5.970206998524288,1.7209358671006978
train:6296,-0.7153196536035172,-0.06998168394953871
train:6297,5.393018766980681,11.47368221517898
train:6298,-0.5371262324990446,0.4978467156330436
train:6299,9.245450620354223,4.655621946638254
train:6300,0.23181215226218937,0.11044914614904741
train:6301,-11.306560842185586,-2.863552576361701
train:6302,1.1538717097092248,0.4447306722082938
train:6303,-0.43621797007233265,0.15245162715269392
train:6304,13.668424259266137,4.010791090907533
train:6305,-6.159911227388045,-7.686987319684551
train:6306,-14.036381186085631,-8.897455732938589
train:6307,-5.967565051242417,-6.760433890856259
train:6308,9.859473254814924,9.269824354251984
train:6309,2.057328564021993,0.1439744365005053
train:6310,0.26750193080429086,0.2885339192270815
train:6311,0.007031077854443235,-0.026710377701697027
train:6312,1.4519910343335223,-0.1784292931784346
train:6313,-2.1390106109326594,0.35178986504464227
train:6314,2.423338247544338,1.3760135565447087
train:6315,0.9081675340130339,0.10314034753080958
train:6316,-7.465599408218953,-1.2661575169574975
train:6317,-0.1388022965412724,0.09894440778690713
train:6318,40.198721428092064,12.25275974634174
train:6319,1.651537139554422,0.6519216743870335
train:6320,1.4128464614248215,0.08628953797449683
train:6321,-0.30945151791666337,-0.13669587046245982
train:6322,-1.0240988157509707,0.026758608567008096
train:6323,-0.4856192979155952,0.0023350778939460193
train:6324,6.596588507786134,2.3924853806158604
train:6325,-5.237064101423043,-0.08783425771371503
train:6326,-1.5068927296761583,-5.3303032100735495
train:6327,0.3510660190094511,0.21110533523945452
train:6328,-14.889270469563801,-8.188526804628841
train:6329,-5.855595495911637,-0.6415046061940541
train:6330,-0.4824878529611841,0.006922764222125524
train:6331,-14.011526751038074,-2.562898057811447
train:6332,-4.9779266289392705,-1.0626376054026474
train:6333,0.3071867366633332,-0.09899775141832048
train:6334,-9.761729851947791,-1.3820274828093961
train:6335,-8.495493553819196,-4.342273529032524
train:6336,-2.8542597431509744,-1.7771566975524886
train:6337,-0.0602887122929093,0.2936845451115455
train:6338,0.8364625353924805,-0.15043467710929725
train:6339,-9.390723711009509,-1.82455817691082
train:6340,1.2289461905222052,1.2145684550241782
train:6341,0.20234900014343105,-0.13549038661790738
train:6342,0.42458616779899855,0.303768381806024
train:6343,3.1906229243844315,0.254189898486998
train:6344,-3.936193385163081,-5.143229807339455
train:6345,1.560370039685397,0.03487772058608116
train:6346,26.039076324695017,10.0382439816208
train:6347,1.1439545762636683,-0.3376570177290387
train:6348,22.76180938634194,7.134419144468645
train:6349,9.304375994758779,0.38229844990770895
train:6350,0.14245938895831742,0.933348475960259
train:6351,-0.49347103989652796,-0.08688299543259367
train:6352,-0.8588795864095854,0.1596648430282276
train:6353,3.3969193844439585,1.0868325336392035
train:6354,-0.020643773022069878,-0.005284721290105335
train:6355,6.411079393402746,9.741459280202774
train:6356,5.96784940705167,3.9120270121402387
train:6357,-1.2149493555788293,0.06953202858792812
train:6358,-2.6564763687658925,0.24209197647685196
train:6359,-4.587541839260765,-0.043766618824418735
train:6360,0.3408308826912325,-0.043730668300297176
train:6361,12.323122404797704,4.03715167005886
train:6362,5.755366768302604,0.40814616344706295
train:6363,2.511153532047195,0.0733122547314725
train:6364,32.686065352379416,12.38017525154744
train:6365,-0.23752614888435275,0.051169727749599624
train:6366,8.11041375302287,0.9101538255045905
train:6367,4.707060070408619,0.42193304678687243
train:6368,0.17489754163579843,-0.04736880427707538
train:6369,-0.33282961068039085,1.210955712671581
train:6370,-0.03331576907283182,-0.10988319920422385
train:6371,1.6971312663388658,0.039113890678405365
train:6372,16.252688551451087,17.598449750829882
train:6373,-0.09216396734162433,-0.36673713990151324
train:6374,-1.3558855322271928,0.21991977604649782
train:6375,-1.5757726633029505,-4.174895021763025
train:6376,0.4509935401205472,0.20627541085588447
train:6377,-0.8891177543013381,0.08903262002929611
train:6378,2.0259838949066493,3.836285820213365
train:6379,2.5979887726091566,3.61862879303014
train:6380,-9.842804777316353,-1.6348803584292515
train:6381,0.659222193073034,0.011856117692950044
train:6382,2.1760012851686295,0.8220313871988985
train:6383,0.9464534061822503,0.08811588166419625
train:6384,6.285674216701982,-0.009327728645681141
train:6385,-0.8116482562390589,0.10956978491616917
train:6386,19.37585985217523,8.353327371242651
train:6387,0.048080994729355175,-0.2369657340793701
train:6388,1.2765115631839716,-0.2253781097866162
train:6389,2.852873886504031,-0.028297336552206037
train:6390,13.583155787243463,6.22756888543193
train:6391,-3.5549386253286444,-0.09402516622474424
train:6392,-2.5398018586524476,-6.734579186937215
train:6393,2.107679483776678,8.529298909742062
train:6394,1.8533636601121768,0.2659274592910685
train:6395,16.282320468252266,4.337595050610304
train:6396,0.4494574560689735,2.2463673285399666
train:6397,2.2721406667966075,0.5869418153413579
train:6398,-0.16523547172748881,-0.5523126397957456
train:6399,-1.1222742991053005,-9.56668957618573
train:6400,-9.255181960284393,0.0022238024621411834
train:6401,5.067266201504875,-0.16492102640056722
train:6402,25.469564794077435,7.20489986168735
train:6403,-2.9548672046148026,-0.01006071988749302
train:6404,2.0914864427608455,8.758755127199281
train:6405,-1.4466546635889097,-2.056800845309079
train:6406,12.441275349319142,4.387112047120217
train:6407,-0.5170650863654479,-4.075399949005259
train:6408,-0.015121843754045294,-0.00688537557837493
train:6409,-12.007901300515009,-9.819458281927682
train:6410,4.2313663609736345,-0.1366473657870577
train:6411,0.9746924332078507,-0.31488236069802833
train:6412,-16.524202273722594,-4.790211638476423
train:6413,-0.4707040798464184,-0.24437838976729243
train:6414,4.300112631112283,0.219234718836848
train:6415,3.0523216618893048,5.159542725823167
train:6416,-0.8503618515703357,-0.3669803765825738
train:6417,-4.73654245717989,-7.851210455158332
train:6418,-2.949935370589653,0.11961196465412587
train:6419,11.317032912832047,4.79375470253486
train:6420,-9.426243330119748,-4.886434642895887
train:6421,5.92039119763866,13.73213636809535
train:6422,0.7530462906281195,-0.23482710587656708
train:6423,10.917668726249156,5.0250210003494375
train:6424,1.1190648075635936,-0.02524154200187316
train:6425,-9.86511518938261,-1.644895147291687
train:6426,-1.6653697402173253,-1.256420631352954
train:6427,5.241010604349198,3.0922649005366707
train:6428,-8.3083609510859,-3.2745780571813548
train:6429,-0.39330431925621434,0.09667239172674832
train:6430,2.027992566560652,0.5789109390332737
train:6431,3.6024389690645684,-0.07382496617110584
train:6432,-0.9131223220225398,0.10431244874582056
train:6433,0.8928680624727234,0.2221756714351259
train:6434,-23.902367309956052,-9.050599829907288
train:6435,-2.1696135058033645,-0.20803683236550213
train:6436,0.4180028342059913,0.02928256361763784
train:6437,-5.970841782596985,-2.708657745932605
train:6438,0.31513308914804783,0.09431192596438569
train:6439,0.33523026630888325,-0.16346445953040384
train:6440,-6.681041689378824,-1.8378013799036956
train:6441,4.288942547751778,1.6832774077617403
train:6442,0.5518850655539611,-0.009006456501547175
train:6443,12.631894825656191,12.942018031524592
train:6444,2.691501608580547,0.006990670767688473
train:6445,-0.1563759070459511,-0.015857028598045067
train:6446,-0.5105260360672084,-0.005346065438408001
train:6447,-2.2666787686022594,-0.7925484507178424
train:6448,0.1430519250127153,-0.05358938623658588
train:6449,-1.6690895369778098,0.3946816935378674
train:6450,-5.849916541102323,-11.007270446623016
train:6451,6.304822266867876,14.948082385810386
train:6452,17.723833069028434,6.892505785081686
train:6453,-1.3084175595680918,-4.070490705211326
train:6454,-1.505024462799267,-5.758913918299427
train:6455,8.78173920337118,0.07895477508883787
train:6456,-0.6767167083945995,-0.022813597676377584
train:6457,-7.901753365736811,-1.499048436076425
train:6458,-2.877470698439962,0.2149547518758519
train:6459,0.5507032478605288,0.11496892593166397
train:6460,-9.04628754693183,-1.8956511943260712
train:6461,1.9189066557001762,6.51546068259741
train:6462,0.15224355629045047,-0.04833490328243739
train:6463,-1.2679389088185946,-0.016718414568862527
train:6464,20.16926400180632,4.007332136908123
train:6465,-1.335982225238726,-3.8276751588618865
train:6466,3.7800087047104496,-0.1264026076988922
train:6467,3.9029881796742023,-0.015492530228479226
train:6468,2.1686528152778384,0.3803114701459425
train:6469,11.564770168297468,2.310977268105296
train:6470,0.6759710417413047,0.005750663007114548
train:6471,-1.5239788752510322,-2.272812422709692
train:6472,-0.4605498389958069,0.08169129474637687
train:6473,3.5862296559719185,-0.0857037611770824
train:6474,11.433425683558308,16.974870220000923
train:6475,1.2188647091007923,4.887850348955512
train:6476,-1.9252745573521635,-0.22143553564128476
train:6477,-0.38264610894074036,3.5659067787626273
train:6478,-1.2738482297439964,0.09523850792537597
train:6479,-7.883998205346497,-9.538682405965313
train:6480,-2.062506047025659,-1.1389381703655552
train:6481,2.7107212558844376,7.330501292033012
train:6482,-0.960460118067101,0.10622353295666366
train:6483,-17.079353464090477,-8.79287223440952
train:6484,-13.41279986878584,-3.0770801437384865
train:6485,-2.0254191944596536,0.13645478520507828
train:6486,2.1512396009589323,1.2823538815594357
train:6487,6.9551186149701865,1.2422803173678831
train:6488,27.845369834735564,9.01241688961187
train:6489,1.0234819309627747,4.522680332296153
train:6490,-4.299839898215041,0.14155177062497992
train:6491,-1.121466274262191,0.1251686032038675
train:6492,-0.5776116245375088,-0.08280089901507615
train:6493,-0.7987110253361714,-0.144128213342163
train:6494,-1.4322343491132257,-0.09054024795791271
train:6495,12.728262713734335,1.8551271901384532
train:6496,-0.3069028457705596,-0.15654740749644305
train:6497,-3.3511601529275086,-1.8609222747205911
train:6498,8.530403494346686,0.5327077391485895
train:6499,-9.60882161101006,-6.840171012071407
train:6500,0.08688118075512519,0.16039926087813952
train:6501,-3.4707850230262096,-0.4919396906223978
train:6502,-6.1088694417433365,-5.9172097824390715
train:6503,-0.3192679969441912,-0.04735054369339459
train:6504,1.9769600792455533,0.23353033062513967
train:6505,0.45962401720631824,0.06710750812187269
train:6506,7.595686585718024,1.6214243883497805
train:6507,-1.514931832998733,-0.21997040912252103
train:6508,1.2374227802529307,0.1265001992044654
train:6509,-0.7777488710633649,0.15506888237306773
train:6510,-2.6574452547112557,0.24145456797774426
train:6511,0.5866040984847776,-0.1345362711205859
train:6512,22.32854070050207,12.722855647474182
train:6513,1.0747229333193777,-0.5648421107561605
train:6514,-1.0615608559167402,0.03433018839727735
train:6515,-1.5290122935271708,-0.10845673376497181
train:6516,0.53096521868088,0.222177526025656
train:6517,1.3286858853751795,0.8159898445559457
train:6518,0.08429880216418514,0.0009977754609478695
train:6519,0.6411711133428812,0.06153745945599047
train:6520,-0.5345726787298956,0.09155115396914563
train:6521,-6.633739226986781,-0.07989118913418963
train:6522,-6.6145753696605505,-1.6187551217526304
train:6523,0.1791703565498383,-0.23419811436524973
train:6524,-37.18294833202275,-14.143273469487307
train:6525,5.16679319706802,0.48954628172445264
train:6526,1.9379631173194114,3.2871726643130663
train:6527,-11.924899761251254,-3.9828624439514946
train:6528,1.100160141175242,-0.13072437427722014
train:6529,-0.06316782382752878,-0.4052382966451775
train:6530,14.307409189397871,12.655769686890384
train:6531,0.2682675320185551,-0.43321279754010394
train:6532,-0.7839259838815348,-0.05847651760496839
train:6533,17.583524994545225,5.843394166306784
train:6534,-0.459021890982642,-0.007372419583736106
train:6535,29.57057447191314,18.909572213262177
train:6536,1.8213285900232896,1.4619635560356263
train:6537,3.576684688169003,-0.21869701873240566
train:6538,8.018482098001662,13.1008908159799
train:6539,-4.007366984246422,0.06795562663735957
train:6540,0.9469266911593998,-0.10543517780904041
train:6541,0.09940719303100995,-0.18389106228952212
train:6542,1.5813340536241256,0.15259428796270014
train:6543,-2.669634434997018,-1.0535903421536739
train:6544,1.7040203987469225,0.011228124807302745
train:6545,-2.0514470787039936,0.17084203217059363
train:6546,5.206170228216971,-0.10074021055173626
train:6547,1.9719173626398048,0.15975386337367148
train:6548,-4.650870902568621,-0.2766047534436438
train:6549,3.320204910746012,-0.03492107796079408
train:6550,-0.2619563476434528,0.07333450981783347
train:6551,1.1635445295442777,-0.09013651786559515
train:6552,-3.389286558743913,-3.6379656696804967
train:6553,-2.9972722368012534,-0.0555284319661902
train:6554,6.804381533996391,0.3251393991273833
train:6555,2.320811610849004,-0.014935297104594986
train:6556,0.4396428367073677,-0.20849962403316225
train:6557,-0.0740527971563669,-0.01132669191548806
train:6558,-41.38325673142967,-15.455824822592623
train:6559,2.848375122180468,6.456423644914162
train:6560,0.7230666162995251,-0.08491884140042827
train:6561,-1.8270681570518805,0.1648374386774325
train:6562,0.8508205510597775,0.015289535407369353
train:6563,-14.856374839069508,-1.1902328632289558
train:6564,-4.505051708125561,-1.388809577717091
train:6565,-2.1373576003862396,0.3022300702917271
train:6566,13.726099938171108,6.046785683132629
train:6567,1.5709701354408083,-0.2152757271868369
train:6568,-0.3477583113275022,-0.9487748771475359
train:6569,-2.3987915278254444,-0.15757770386630787
train:6570,18.32360136419699,6.205348608308604
train:6571,6.627085634157526,7.76852247793014
train:6572,-3.023082540132719,0.14651636681319583
train:6573,8.047681642475975,4.1365209159822
train:6574,1.9540754953258772,9.436167429362458
train:6575,0.5327567743384887,-0.19303462158524975
train:6576,-5.31177385525707,-2.1703226142282754
train:6577,14.719095522379948,9.7213498124243
train:6578,-14.809537293157966,-7.948499991793403
train:6579,0.3747883824269892,1.7407062301337874
train:6580,10.46375774867506,1.831297413756637
train:6581,0.6938912474821967,-0.12021654965540321
train:6582,-0.49093724507780023,-0.1065704725350698
train:6583,-0.7523353739480061,-0.07722799713299383
train:6584,20.526271507516732,15.007912046954027
train:6585,0.0821411247781823,0.00215732252467829
train:6586,-2.7469983970182232,0.007428639454407512
train:6587,-2.925608150830984,0.12500596988046042
train:6588,2.5209607127451124,3.957480458137935
train:6589,-2.7619240757082113,1.9316667119581215
train:6590,0.051610291961954616,0.21736372231361667
train:6591,0.9447043903826073,0.06773079320078979
train:6592,-5.523514022386777,-0.30597633165096105
train:6593,-14.165068208222248,-8.011378599768497
train:6594,4.707923420312908,2.532835941464824
train:6595,-7.8537935114413395,-2.3712849027813343
train:6596,-7.972232844514764,-2.822178373565322
train:6597,11.214703865640926,11.573132777764025
train:6598,3.371446145560855,0.07446609536280267
train:6599,8.722293122508463,3.31048287002484
train:6600,1.8809029878346237,0.11590021569938447
train:6601,14.248806467030782,9.860560513401314
train:6602,-1.9661567556067348,-0.17724577909862316
train:6603,2.4882429128046106,0.1815176259049779
train:6604,0.28572386734102756,-0.08767989871728832
train:6605,-1.6214439662231577,1.2722756086365477
train:6606,-2.2587563593162905,-0.01795785168619643
train:6607,0.15068073954124805,0.09709695029732679
train:6608,-12.730882691178769,-4.761653226886141
train:6609,-3.856651754347211,-2.152220669368208
train:6610,7.748180586071631,-0.04525257382144335
train:6611,0.27093870965727074,-0.7556288317139068
train:6612,1.661159748409581,1.6592250805163142
train:6613,29.002911449222026,14.157471013480247
train:6614,16.224403032777435,16.243241674246228
train:6615,0.822550839546464,-0.1321675310312429
train:6616,9.238785577689768,17.94934969198594
train:6617,-9.251877333940994,-8.72776012879297
train:6618,10.11056162827179,3.6782247757669917
train:6619,2.8352616879314705,5.152807423661154
train:6620,-3.4002199996158433,-0.17237505372339135
train:6621,-2.22058741364192,-9.31531951702508
train:6622,1.8747542349217645,0.31714368870896564
train:6623,2.1450829444659045,-1.9989090886085616
train:6624,-0.18020566617048484,3.318258454813418
train:6625,5.988422426230298,3.5996180988103332
train:6626,-7.736253326841203,-2.0188245376854277
train:6627,0.3420908063533889,0.2613588895114298
train:6628,-1.784974618907365,-0.17799103917009557
train:6629,3.160783654832948,-0.264996443333439
train:6630,-30.174492319746975,-10.030785734292552
train:6631,-10.154555453148925,-3.829209618534313
train:6632,-0.3521303859101289,-0.07046972658056994
train:6633,-1.031337797810604,-2.003729740039481
train:6634,-5.709959478561894,-2.572214664669712
train:6635,-0.34969317749022516,0.05539391433388331
train:6636,2.6083192168058775,-0.1880992708630851
train:6637,-2.7395085925173603,-0.7483347271590997
train:6638,0.38048872339440587,0.4250859933488196
train:6639,2.1337831494073396,6.998929608059834
train:6640,-2.2282325002472705,-0.7037352487701003
train:6641,-0.9785655930254723,0.1174649194635325
train:6642,7.089865823430127,3.0102771623828652
train:6643,13.435992054338795,14.480327263248526
train:6644,2.475311260899489,2.35499440506785
train:6645,-0.32076340080372107,0.04755570144971247
train:6646,8.094177939690832,5.085647279456153
train:6647,14.374142371175953,2.3132732511815357
train:6648,-0.2996765326850202,0.19676806649464104
train:6649,-1.0119786755625628,-4.141436211349031
train:6650,0.026498060725960254,-0.12197270422657958
train:6651,4.610340240554736,0.04723585591367856
train:6652,0.6554185951169392,-0.020345137680840245
train:6653,-2.8623557987424104,-0.005855079208510125
train:6654,-1.1739916083961766,0.09535192326933091
train:6655,3.969189729456831,-0.021632223508716214
train:6656,-3.069847559073304,0.038062195187039634
train:6657,2.5025209628372616,8.383642222725728
train:6658,2.472218171554719,-0.12070330833914436
train:6659,2.807957840406397,4.124862959910113
train:6660,7.839285619590509,4.607322132159314
train:6661,-0.1404977307165376,-0.19145964624278122
train:6662,0.10264859073305946,0.1096599465480931
train:6663,-4.194169031362082,-2.5421531787852047
train:6664,-1.0826204101922117,1.6082416735403473
train:6665,1.1328188967227204,0.044787511092352086
train:6666,-1.113359990508184,-0.1027143508406021
train:6667,-2.4739603866839666,-0.029993573583179806
train:6668,-2.0837239053627408,0.10473244217047882
train:6669,-4.989051615401166,-8.173732307987958
train:6670,-2.2982651942874632,0.06578204653610505
train:6671,3.1186115458032284,1.5877548679194065
train:6672,11.987980850998191,15.094153359818979
train:6673,0.8276214511410427,-0.16064234338686112
train:6674,7.800476251464249,5.285139591022909
train:6675,0.536507952961407,-0.17652134750541165
train:6676,0.9403713687843427,0.031760581887445606
train:6677,2.4883763438345143,0.19220349121768254
train:6678,0.9495822940960186,-0.06283152415202778
train:6679,1.2809710420649325,0.20569278410781913
train:6680,1.547949795908826,0.07750947842266502
train:6681,9.012845466496135,2.854854486956747
train:6682,-0.03546135863034161,0.02902206497856652
train:6683,-11.772162609578347,-4.287662685640529
train:6684,-2.560216806227705,-4.789182198071418
train:6685,0.6691074797396759,1.0558329102680954
train:6686,-2.5798432554520336,-0.04106662033424133
train:6687,-1.6199752950612565,-5.28248273591623
train:6688,0.8727497316120252,-0.019890049696920445
train:6689,0.12017849908857112,-0.477777752013082
train:6690,-1.601328192403102,0.03603156121741133
train:6691,4.4988690756910525,2.660012917796194
train:6692,5.489091898010188,0.2706575211076342
train:6693,5.262559483220397,3.6317727040992516
train:6694,-2.9164144274290864,-0.0640070492264789
train:6695,4.41863750881812,3.1551940104385072
train:6696,-0.09720970590449626,0.1719750443236629
train:6697,14.131509898666428,3.335295294065979
train:6698,0.6583414088007258,0.24682146765017765
train:6699,4.484132153092148,0.3391227264025714
train:6700,10.369216052532323,3.5018475099239215
train:6701,3.978502006561256,1.5534866000694363
train:6702,-0.046459422893061486,3.447264342729068
train:6703,0.9711383791726647,3.91551335701517
train:6704,-0.1562780421268058,0.11849721308473739
train:6705,-0.2672310575729713,0.05716019782257012
train:6706,37.80091653957665,19.251322460707676
train:6707,1.3942233019654129,3.180668665959695
train:6708,2.4483623771072773,0.12323783180124354
train:6709,-0.5475064227591793,-0.0028905875765812133
train:6710,-0.10562143978619185,0.08196092367728859
train:6711,2.69913088802556,7.409348780436961
train:6712,-26.59119875726925,-12.40163035590477
train:6713,0.03607696743195235,0.15095754048949894
train:6714,-0.6645621643866346,-0.0378996930129136
train:6715,2.201931072035584,4.33656874874312
train:6716,2.3687610045236633,3.9640131819497393
train:6717,6.387204072463123,6.269488908487394
train:6718,-1.3380827178976276,-1.4638632872005448
train:6719,-12.66205366590659,-4.718641563312511
train:6720,0.8866260938055236,0.018808977590222403
train:6721,-14.598753459228648,-3.0901866776753764
train:6722,0.14937897339584663,0.09787416639024059
train:6723,-1.8381685029403103,-9.46779310818675
train:6724,1.2034601664358888,-0.09009058108477316
train:6725,-1.8282825188989476,0.12254849476729357
train:6726,-0.16660918369824768,0.032685879901145846
train:6727,-9.262985118493113,-3.009671769724075
train:6728,-0.5283888246227584,0.07042094809507676
train:6729,0.392171609632903,2.2905679273041883
train:6730,-0.010291593979885327,-0.11691495052942963
train:6731,4.735220061632534,0.056533916866642886
train:6732,1.3749985405802367,0.6693310010145206
train:6733,-1.2024031194360427,-1.9651922047892652
train:6734,-8.375363784422671,-8.864038294159496
train:6735,0.6792756680847023,-0.07026586428307108
train:6736,0.36718769534552675,0.05486649731929038
train:6737,-0.19472268327411302,-5.312531097006216
train:6738,0.6335713560943798,1.167193225254888
train:6739,24.65859424014711,8.718076823834112
train:6740,-13.262889409314376,-15.264128638971087
train:6741,-6.989314789937253,0.15334725171791286
train:6742,8.965258475218025,4.381102032516276
train:6743,-4.832137654067442,-12.652795554142251
train:6744,4.015169039545369,-0.11253198246360904
train:6745,-1.6988765034252369,-1.1652794903075308
train:6746,0.36774861707925055,-0.21542637700220346
train:6747,4.0532819627838395,0.9551163756550558
train:6748,6.2934290235967305,5.578259050910255
train:6749,-3.659831686909726,0.09292954271542557
train:6750,32.897390349092035,10.965727558930332
train:6751,-2.683631210558966,-1.983214402256539
train:6752,32.56557015862922,9.68109207312703
train:6753,1.4397930206346308,4.907747537448698
train:6754,1.721534267483857,-0.13182029461968778
train:6755,0.8440160334511722,0.1236509775070215
train:6756,-3.1629703301175542,0.09991592790304937
train:6757,2.017795320935594,-0.22945592637983353
train:6758,-0.40685779695400526,0.2481656178020561
train:6759,-2.0267976718243372,-2.9650217894083335
train:6760,1.1764234134288625,-0.0015858118082644757
train:6761,7.99489595511291,15.710141052982644
train:6762,-13.25818538436467,-1.9328788180188101
train:6763,16.959718657668873,6.135763230333499
train:6764,-13.836900401630242,-2.599216646822826
train:6765,0.15723211012622088,4.82595210606678
train:6766,8.989382991391196,6.784218811924857
train:6767,-0.11535190926482708,0.03754205387375702
train:6768,3.8038486919975547,0.14897583917770277
train:6769,-0.22857278730287406,-0.49900368329066497
train:6770,-29.87361697022627,-9.739249809396275
train:6771,2.03585872095248,3.0324015714418677
train:6772,-5.847531519557355,-2.3770575297974257
train:6773,-1.0866935434778764,0.09036250410017393
train:6774,-1.7925148668463624,-5.346488364290373
train:6775,-0.22841750519838688,-0.11740527573342094
train:6776,0.40123562133674073,0.0660707920155576
train:6777,-7.308020616318113,-4.313828390125387
train:6778,1.716229570441346,2.470540816202655
train:6779,0.4676907830594825,2.5605652084273496
train:6780,24.741598568909748,6.016747593620963
train:6781,25.526213937393457,7.453347086172594
train:6782,5.837931750991169,3.9863755492398316
train:6783,0.4895079187399295,-0.8626730865547718
train:6784,3.669837446326246,-0.13867714379182597
train:6785,6.379281895635394,3.8014820036826316
train:6786,1.337521158170611,-0.18370688718380412
train:6787,-2.3010784039109717,-5.307519137429079
train:6788,-1.283819758417771,0.15191864636651076
train:6789,-0.5785781859004694,0.013116811270974874
train:6790,-1.3786543519432244,-0.13126534406876367
train:6791,-10.815600670280407,-6.843906442720609
train:6792,3.3727504687468994,-0.10069898157764445
train:6793,-23.37220259091619,-8.314639531317564
train:6794,-0.008970185113182788,0.3193031453900296
train:6795,-13.028549187151059,-10.432962535710761
train:6796,-1.4839330617448812,-5.621594329019857
train:6797,-2.0935083051531143,-7.063964736657859
train:6798,3.2969458366012927,-0.10032278502165812
train:6799,-0.8921067023544759,-1.6273370254393635
train:6800,0.04390639342182104,0.058708352932757446
train:6801,25.98174654365154,21.30496704834674
train:6802,4.503449432856943,0.35530873658425527
train:6803,-3.1702160534661545,0.13552092754277767
train:6804,2.9571576750374167,-0.05138299414902994
train:6805,2.124535960610185,0.3634265646560383
train:6806,-1.7406487842817264,0.19613750571441363
train:6807,11.016958149490765,2.756297551685581
train:6808,2.67895490752128,-0.37060909694589167
train:6809,5.810913129726882,0.5618116856763351
train:6810,-2.7478250185205533,-5.530478581598614
train:6811,-0.9308923597402302,0.06960649753075135
train:6812,14.145925099060827,8.498242222046953
train:6813,-0.11256519988070712,0.061020884662958005
train:6814,-1.80386394305186,-0.11336112709136509
train:6815,0.21449703532066894,0.02263571115782881
train:6816,0.14501387256042741,0.08907713020201805
train:6817,1.3119028653455915,-0.17793454548933307
train:6818,0.14003089772242305,0.017323593236437812
train:6819,4.744529549238076,0.08833757656294589
train:6820,11.891793350514481,9.321506371214552
train:6821,-7.945416461919496,-2.346001983388795
train:6822,-7.135135844046235,-0.9855822220939965
train:6823,-6.443446122019043,-2.2798972438562206
train:6824,-7.359494309373206,-7.1802390032453145
train:6825,1.3423851143896073,0.12453661581554001
train:6826,-0.32393087678537097,-0.22967277081104298
train:6827,1.9341893902471887,0.3205525687640639
train:6828,-2.8810184761026614,-0.254579065665166
train:6829,9.280751728718627,5.194898069045385
train:6830,8.92195801389013,0.7926499653956907
train:6831,3.7051371599412075,0.5599984667811563
train:6832,0.13367653549606232,0.008050783246844578
train:6833,-5.0628622207619065,0.23328923385622918
train:6834,-3.9547533159811414,-0.563337609853835
train:6835,2.678613193908112,-0.04982057295784198
train:6836,-10.106445895746733,-5.465135365469853
train:6837,22.1303970158446,8.933897521070937
train:6838,0.4962929098563538,0.20004612658696358
train:6839,-16.26595418646602,-10.267442898795643
train:6840,2.7582938347516515,11.081156132236071
train:6841,17.347522231047638,8.542516719110758
train:6842,0.8584042686897017,-0.15577275929810938
train:6843,42.63088922351423,15.93768618622902
train:6844,-6.059948605082671,-4.563580390378948
train:6845,-1.451934952516194,1.9069207678544455
train:6846,-9.932754958297668,-10.801966704299847
train:6847,-0.07170438778423874,0.10053764371305642
train:6848,-6.928954683273872,-13.050719922135796
train:6849,-0.7733384408710968,0.10627574681312593
train:6850,-0.48443771268040325,0.14072690582152406
train:6851,-6.983296911013654,-4.457447024809973
train:6852,10.78551714649985,3.98013642137502
train:6853,-0.5459475578000611,0.22877615913168292
train:6854,5.212065834106198,3.3687572430177943
train:6855,0.1920466833937802,0.7780487741523658
train:6856,5.675999481166921,2.3929364740971
train:6857,-2.848069845129591,0.12930034558326717
train:6858,19.366687979847914,5.088748725465688
train:6859,6.375007918430153,6.605544136397447
train:6860,-4.301404342171926,0.09076994337355165
train:6861,-0.7484795891169752,-0.06727398177562097
train:6862,6.143413493000672,7.260136986035272
train:6863,6.137802880913992,7.765632169919414
train:6864,1.8375537102762767,0.17100723338858081
train:6865,12.416396738614598,8.779328527931895
train:6866,0.22557274063563237,-0.09535975810235228
train:6867,3.497701189587974,-0.20996360926544588
train:6868,-2.9187004217637074,-0.06831084054274605
train:6869,-3.928430674688164,-0.763494150151979
train:6870,-13.10717214300146,-10.41225617510322
train:6871,3.424470335078418,-0.02923889789824699
train:6872,-2.9950885240923424,-0.6675902779644984
train:6873,-1.0244223976213989,-0.09297660927119866
train:6874,-0.05006519888670327,-0.1252802951065734
train:6875,4.85154309488672,4.766260540587225
train:6876,4.845782314776839,2.447486829305652
train:6877,11.749878524674664,1.47975749620689
train:6878,-1.843341396160599,-0.011017688601014625
train:6879,6.751916639004871,8.200960490366864
train:6880,6.022327390403758,3.9491952889360147
train:6881,-0.059782069558283885,0.08778291133364177
train:6882,-0.3972389074306901,0.16103724002048725
train:6883,0.011264607325880804,-0.04128517669517082
train:6884,4.644777534098369,-0.023873995477153687
train:6885,2.053576688024354,0.07007699288215181
train:6886,4.120765519761449,1.6477311843757345
train:6887,1.2702403047785,0.17141652725248863
train:6888,0.4169674652039167,-0.03970107106086193
train:6889,-6.054962840745784,-7.8904530201315985
train:6890,-1.6531047785452415,-4.314908617778754
train:6891,10.754698762840432,5.449276559367446
train:6892,16.092870721780155,22.395888556031778
train:6893,1.323754981182991,0.0011743895437355545
train:6894,1.7064849210100554,0.3286246027158349
train:6895,2.886252100305084,7.471774297679476
train:6896,5.954566278287291,0.5449299187242511
train:6897,-0.9581673824435127,0.1631307874073283
train:6898,-3.2289066450480575,0.24492949998787536
train:6899,0.26284672208503934,0.047527454609331235
train:6900,-0.36498404807564644,-0.09299729508864954
train:6901,4.048713693446442,2.1151934242946524
train:6902,-0.36590528008175816,0.061689393218647075
train:6903,3.0645831366877845,11.751125534619606
train:6904,13.175939161304917,1.3045637444436315
train:6905,-6.400810491258263,-0.47532469938502525
train:6906,-17.40756590266461,-13.154062271617809
train:6907,-0.9304409258376641,-5.481222939692632
train:6908,0.28397671120730666,0.011162928817129908
train:6909,0.12384622520323958,0.7213081475277885
train:6910,0.14673406353827928,-0.8306859650568008
train:6911,3.1923221941206608,-0.02225165674576314
train:6912,-2.53608857072269,-0.053938049256241044
train:6913,0.42246045342103017,-0.11704577049220533
train:6914,-0.3803457021952239,-0.09667494810979949
train:6915,1.8167654347671771,0.008236670282282657
train:6916,6.2745664321498635,1.8422717392271741
train:6917,-2.7418341047528236,-0.12010213568577821
train:6918,-9.856578392967661,-5.7474519781802895
train:6919,-12.370935983478631,-20.30244394479282
train:6920,0.6865767164944823,-0.22075133439649502
train:6921,50.32600084216634,17.410449052830746
train:6922,-1.5749104756898622,0.21118993309978817
train:6923,-4.046799805373034,-0.08656257925331973
train:6924,13.301420119392002,18.099371799788464
train:6925,-0.07617734924313407,-0.05433364768238824
train:6926,4.552654333487195,-0.2898376848581993
train:6927,-10.681568968283957,-14.285529122793092
train:6928,-3.1761841863263394,-0.38111606560284855
train:6929,5.884688401435104,0.10220306600906884
train:6930,0.8792525184247857,-0.10832662710624616
train:6931,2.4175839762651834,0.10047230506207357
train:6932,-0.2508167163124206,-0.7437594523213908
train:6933,-4.479271624365327,-0.24000569327979226
train:6934,2.8765195387022864,0.7906977948715659
train:6935,0.846405936619185,-0.014309158809477765
train:6936,3.5586875387505885,2.372952547831431
train:6937,-12.244659088376928,-12.707674314535438
train:6938,-4.8484641261131785,-6.425933665775274
train:6939,-2.119101957404667,0.011852265851079888
train:6940,-0.22892705366101546,-0.07739448229827106
train:6941,0.8227823679537533,-0.22823161130836028
train:6942,-0.5084422804016051,-0.033746694172823
train:6943,-28.962402984436352,-11.243044255390547
train:6944,2.3585107584198286,-0.10917132176229288
train:6945,3.5287938739708866,0.3547118437551893
train:6946,0.39224739101922457,0.4303420455718781
train:6947,-2.1201840505130316,-1.7697988236156086
train:6948,2.718603449894843,0.5120244895922701
train:6949,0.3218962291898886,0.15474675426407372
train:6950,-8.258605589342737,-11.475049536200956
train:6951,-3.079866044311609,-1.2687065803106883
train:6952,-4.096206479755822,-0.014115425429489334
train:6953,-1.366847565462674,0.008624707685499527
train:6954,-11.953578599267408,-13.535160653035982
train:6955,-2.0619806914026935,-0.07675721645997335
train:6956,0.9853548277716492,-0.15539927329751313
train:6957,-0.5091680150276664,-0.05698913599984373
train:6958,27.205376965674105,13.170687331953816
train:6959,-4.712858216913753,-0.8025809295207187
train:6960,-2.170272524914474,-1.6321575342094732
train:6961,-0.054438319531411095,0.8698323168252471
train:6962,2.032899992470575,1.0422628713594952
train:6963,3.3892991708703146,7.75427237494024
train:6964,7.762572540642004,5.93665439102404
train:6965,-0.3190843549343935,-0.35355556637856006
train:6966,10.860939617298484,2.545424901983011
train:6967,0.8103886244165709,0.031763292442835725
train:6968,3.2310464825309895,2.0925678478100984
train:6969,-8.13239843171311,-4.660503859375543
train:6970,4.391936425510015,-0.039808922633226634
train:6971,-1.0341363625649764,0.055200608936324905
train:6972,0.5853620741071205,0.2106659399446354
train:6973,-3.7151851079945963,-0.14766991061137702
train:6974,2.4764702976853767,6.974756019125903
train:6975,1.1447012321313523,-0.08319749606689342
train:6976,0.0295088598536815,-0.025008434238323024
train:6977,0.7637842341199993,0.22201617664953896
train:6978,0.15013213809425746,0.25751047150070244
train:6979,6.476911102125136,10.596702847184604
train:6980,0.00753249027866304,0.14217548368632704
train:6981,-1.4204510409149402,0.22240364340951582
train:6982,0.7421091304243451,-0.14029862655835648
train:6983,-0.5484436943838683,0.03269986066052645
train:6984,-1.1313680654638905,-1.5792517728186726
train:6985,6.98626801916372,4.494713677745777
train:6986,-0.06302881379985914,-0.17478488012601612
train:6987,1.580537651693028,-0.047150533237765885
train:6988,7.064552980732797,5.559657793215166
train:6989,-0.5395177628747392,-0.08760371784474502
train:6990,-0.8592106069437017,0.10540009476130785
train:6991,21.386270293814718,12.266254317681845
train:6992,6.1218832107886945,7.917364495512293
train:6993,9.920311295620259,0.12415742338254353
train:6994,-0.471956797303127,0.09229013696497776
train:6995,0.040318632941798674,-0.028528732386036107
train:6996,1.5042416028275323,-0.7063166961271625
train:6997,-2.660591809451283,0.3356055667926785
train:6998,-0.5374874726043934,0.18763748933262397
train:6999,0.33998055044839715,0.008452088105392025
train:7000,-34.936051613745946,-19.116412187006365
train:7001,1.0606747844863342,-0.14813056236688704
train:7002,-11.3025597709544,-4.019384467277943
train:7003,3.923268069011874,5.772415277539538
train:7004,-3.0481420033481768,-3.3503075509218077
train:7005,-4.883831252617813,0.14019164246238078
train:7006,0.9531705194925215,-0.05846838593879805
train:7007,1.0702151031244447,-0.12782436533141403
train:7008,-5.169236506249863,-0.6797254344460562
train:7009,4.631944909403594,9.98835036057247
train:7010,9.578558629468029,1.7651510172675404
train:7011,0.5592863034652888,1.254599648955159
train:7012,6.44364167878052,4.933891557490434
train:7013,-0.06736276523108481,-0.201457315808016
train:7014,3.7710320973049463,-0.05455120541764771
train:7015,0.011018898965936302,0.2319466529732608
train:7016,2.6606822950881686,0.3686368227590848
train:7017,1.7331423021689933,-0.16199476786571992
train:7018,-0.713980926597916,1.7708894056892301
train:7019,-13.060380158905005,-4.080515480330462
train:7020,21.61965836702597,11.347307563243085
train:7021,-17.651591264949715,-5.374538903397033
train:7022,6.165253409588664,9.963888026159086
train:7023,-20.656123318513817,-5.698057099323742
train:7024,0.5652218921718387,-0.07914421713299716
train:7025,3.2495355135857733,-0.3900698860212679
train:7026,22.99617936316001,14.155544521901923
train:7027,3.816331931957233,3.4290000498672137
train:7028,2.040743133496618,0.005074736089305157
train:7029,0.46592165962205795,-0.0796445285936889
train:7030,-0.40305640735119286,-0.12245047527929034
train:7031,-33.960701469638025,-13.74623017465636
train:7032,-1.0149311276719812,0.058292354010779354
train:7033,1.8535049947222486,-0.01763443962991236
train:7034,-0.8477541350312083,0.06961334524963166
train:7035,0.4811050182713634,0.5188500960470169
train:7036,-4.4112032024552486,-2.5532955586899293
train:7037,6.701593149322536,11.593800334631243
train:7038,5.9165677245030235,1.5670022852094239
train:7039,2.8690801776395576,0.5088080589698702
train:7040,11.943238218747783,3.5111932195874282
train:7041,-0.5550836315583765,0.03108180175343609
train:7042,3.5246919158634307,9.769407103526229
train:7043,15.230609651888054,9.963713409327639
train:7044,-0.7478812416065711,0.26976046993431513
train:7045,0.18929089095561347,0.003688358337664871
train:7046,2.1581861505523308,0.11511329867139024
train:7047,5.916613286318112,7.075709085361932
train:7048,0.6930746216841975,-0.050772691203823384
train:7049,-10.549087297833495,-2.8355508272520633
train:7050,-0.6156564375115856,-0.030237238246670406
train:7051,0.5051286475682659,-0.029517657120999116
train:7052,-0.7250394300031009,0.2123449150175984
train:7053,0.3739868664146063,0.047120015335953516
train:7054,0.061511385788933545,0.014130558986878955
train:7055,0.4349295134280536,0.0029134248177111743
train:7056,3.3568805446850147,2.9403956205661865
train:7057,1.0086789902236386,3.303907062648414
train:7058,-0.3674577524392695,0.12452292037777943
train:7059,-0.94004191607648,-9.112119736327884
train:7060,1.5357801421152448,0.24704273456649725
train:7061,-0.48874865074584417,-0.11070963327658978
train:7062,0.05999622297898241,-0.12070930009316463
train:7063,-1.2531355031629783,-1.2886448551171554
train:7064,-9.225224601946863,-1.5158105106089137
train:7065,-5.547539046433122,-1.8990185600854577
train:7066,4.524322323165494,-0.0682960038185054
train:7067,-0.1336807765920789,0.411320937112941
train:7068,-1.4058124481516612,-0.009982827085229629
train:7069,16.091087302160954,10.933066222444271
train:7070,-2.0679908992043634,-0.21413672327974737
train:7071,0.9784484934538142,-0.08261872116069824
train:7072,-4.3471972207517835,-0.0936947637887699
train:7073,0.1259466016330207,-0.1080147705755726
train:7074,0.16877459158760683,0.06834908515135668
train:7075,2.2346439903530406,-0.17457516873530698
train:7076,-1.0613325819248143,-0.06523307622767222
train:7077,0.3560062215312494,0.009470686288836322
train:7078,-17.21942350133567,-7.3334025020841755
train:7079,4.5274902640636245,7.540806151711758
train:7080,1.806021679819291,0.1217558713068991
train:7081,2.597774911028126,0.23775737042562348
train:7082,1.6210279253545377,1.8292921734111898
train:7083,-1.2371226172833398,0.24287489900216602
train:7084,2.547213849024255,0.131711027950752
train:7085,-0.8002596621327186,-0.1832583615971446
train:7086,28.181928453967647,10.857253985434015
train:7087,6.078310308403226,8.518357966901066
train:7088,-0.9222067900515197,-0.10834745558450706
train:7089,3.466809814041118,0.0725301881710185
train:7090,-2.025838781583305,0.2276877998121456
train:7091,3.274516173457786,-0.0690846327762197
train:7092,1.3991900047266,0.06437655223592392
train:7093,1.7690201394274574,0.34208022765481005
train:7094,0.1614382095253089,0.007540770851072395
train:7095,-0.5489081459478883,0.014493202765914731
train:7096,-5.465009862313555,-2.536907540801277
train:7097,-1.2371635299336239,0.01784972630374068
train:7098,0.17633599322646698,0.08193524473148747
train:7099,6.11904629042468,6.200685311751122
train:7100,-2.254349415997626,-3.8177279912233937
train:7101,1.3616321917658474,0.9747298117971386
train:7102,0.5342110330894942,-0.05347839612640107
train:7103,-1.264626843811509,-3.378047660105894
train:7104,1.2735863086886625,-0.2098931348253028
train:7105,-0.6884623583579642,-4.644475917371346
train:7106,4.576742586174887,2.214144531383865
train:7107,0.07959733425512382,0.10014703841525943
train:7108,-9.585731069089523,-5.090157703444186
train:7109,9.763975690388277,16.260197767480328
train:7110,-1.9668178668420064,-7.359742823400481
train:7111,1.7432393582925032,-0.1150955972194205
train:7112,0.15762124522039977,-0.14219972451249915
train:7113,-5.430219697161222,-0.20629950902124655
train:7114,8.272125652435358,1.1604737584427858
train:7115,0.6664025956561239,-0.11514781107588279
train:7116,6.990089632633434,11.859608238407763
train:7117,0.5373157453462767,0.14823999471969077
train:7118,-4.534437219192076,-6.976893708521912
train:7119,8.634745629898374,13.147946057552346
train:7120,-11.159492882075902,-2.6326158250182385
train:7121,-0.7405794958220705,-0.04069170772554501
train:7122,-1.6896004898062906,-0.0039428537111869805
train:7123,-2.1869548905260334,-3.2775371277025034
train:7124,-4.027907924187896,-0.9621732951016986
train:7125,-1.1425988204251007,-4.34124779780858
train:7126,11.391320987418261,4.5119647935349665
train:7127,3.843620902154931,10.618512831818354
train:7128,-7.937297160504034,-10.601147076556794
train:7129,-0.17705074293380846,-0.002020927278783405
train:7130,-13.474232072853255,-8.913376108692042
train:7131,-4.075509792793381,0.0032426859672054914
train:7132,9.026035147047933,6.67068534481924
train:7133,0.23547011513076732,0.05644546716443904
train:7134,-0.05912572371693728,0.027142508806734786
train:7135,10.154978818985848,3.2518321578150897
train:7136,0.07231116317271995,-0.019214408100731065
train:7137,-1.2844243823006618,-3.3638181002726353
train:7138,2.75210626131267,7.7935965418968305
train:7139,-0.13295109017593337,-0.10137162729682372
train:7140,0.22306405130685167,-0.20041931575441085
train:7141,0.02206903387447222,-0.04672583200637742
train:7142,5.652891272420125,5.750525973495426
train:7143,0.3209696506442511,-0.04078900239796926
train:7144,9.83621999212621,2.3492297670571194
train:7145,-1.2036374726917716,0.047293490880921066
train:7146,3.935935880814312,5.1820015318208235
train:7147,-0.3760091937233554,0.282198209993896
train:7148,28.625760042244487,10.35123837491497
train:7149,-3.704294439438872,-0.007096513577184119
train:7150,5.152418909323906,-0.24943985264550256
train:7151,0.1720594589805831,-0.058744149284540026
train:7152,1.382717781364227,3.154917533788715
train:7153,2.0457900343506914,6.699242615123041
train:7154,8.995206535225945,4.9332301819752455
train:7155,0.6412803687157989,-0.36738553328299145
train:7156,2.1789546671110087,2.4777377687458477
train:7157,6.540464255176594,3.163927419905467
train:7158,0.7174248548086515,-0.04393638518832613
train:7159,1.1555942252694789,-0.11660694584062622
train:7160,-3.464862916897594,0.24233963564302274
train:7161,0.48258089563871226,0.5171708356524339
train:7162,-0.489029925216547,-0.014975099470586714
train:7163,9.525145304856286,2.404356186616477
train:7164,-8.853103591288338,-3.2836064892034074
train:7165,-18.64883711562329,-14.211751799576763
train:7166,0.14741563109869302,0.1057758633348642
train:7167,0.3743339265672999,-0.06940790217169376
train:7168,1.5608419299131047,0.022377637752527588
train:7169,0.23038485866705283,0.13090656364312703
train:7170,-3.61952110346793,-1.3643883296169892
train:7171,3.2779505114992435,0.4112143694878663
train:7172,-9.394963749311673,-3.6219568442248407
train:7173,-3.444478188893569,-1.2832588388961812
train:7174,-1.195483070082033,0.13044305867141687
train:7175,-0.17325086430955772,0.11308537525715205
train:7176,-1.871387715305032,-0.08112520514074328
train:7177,-7.366741427471248,-1.9793354548324702
train:7178,2.254647951759536,-0.1389128194499562
train:7179,2.5214091246905554,-0.1300958107483328
train:7180,0.5779371254552872,-0.127018902398119
train:7181,-3.537119306464021,-0.11390295284776863
train:7182,2.5903655370783896,5.367875442464387
train:7183,-0.35708837148730643,-0.01423083802478435
train:7184,-4.524343417483929,-1.9919837622476204
train:7185,6.379233079404941,8.226950436733794
train:7186,-8.67140307271321,-4.750169602323882
train:7187,7.735966300295921,1.5620465339914285
train:7188,-2.4462299782880335,-2.1274802890361224
train:7189,1.3916602174084138,6.076787251476934
train:7190,-2.6596973101428,-0.043411393407503274
train:7191,2.603123077761564,7.853135745631299
train:7192,-0.38440209848759077,-3.5095683727803335
train:7193,-5.299518191914597,-6.910522763917866
train:7194,-0.6778371571126057,-0.263661851455831
train:7195,-1.3888390448233086,1.9378658947961311
train:7196,2.4443775779529076,2.64244509500879
train:7197,1.9951239012222275,4.137873055139439
train:7198,-0.9443693586769787,0.21156142184904433
train:7199,2.009094409003027,4.835748338568287
train:7200,-8.147727657908172,-2.361888405869466
train:7201,-5.245125288278441,6.876826618747167e-05
train:7202,17.13295397696705,5.392880458599033
train:7203,-5.832056309587416,-0.24271396609695006
train:7204,1.550089109093849,0.1410772807708993
train:7205,-0.9633063367607252,0.12631901997575753
train:7206,-1.7583497819020621,-4.024186144821132
train:7207,-9.220599612798843,-7.865337299208386
train:7208,3.585874459780816,3.357801463452558
train:7209,15.551815799101046,20.59895125377732
train:7210,-4.017503558270775,-0.14742681659112644
train:7211,1.2274405585001045,-0.2067366217431056
train:7212,-15.901251383170361,-2.5001518390680384
train:7213,0.07668021579822341,0.15099020981499037
train:7214,2.540033213982925,-0.13004645010807064
train:7215,-1.9750654852060854,0.0785989790286824
train:7216,-5.193336846766048,-5.006237767279657
train:7217,-5.580154797206154,-3.9804169523463684
train:7218,-3.409296099148174,-0.6183359200058067
train:7219,-0.587063376586084,-0.03987968239498971
train:7220,3.6507177560656627,10.435355753640549
train:7221,-2.7360737895594225,-2.384222811640797
train:7222,-0.08785930564867017,-0.35019847219749406
train:7223,-0.8587905549035696,-0.1524159504386634
train:7224,-0.9690689765365289,0.17925616674475953
train:7225,-2.1787416759815112,0.05857139855515149
train:7226,6.9825723980602215,-0.08133006606391219
train:7227,-0.7249278500477808,-0.013254039458671873
train:7228,0.10152581743265074,0.8688368296930238
train:7229,0.25510307318582304,0.7653177234674122
train:7230,-0.14478693393651515,-0.14751241307713017
train:7231,1.2736862657319699,0.04817656129485946
train:7232,2.563714897208419,0.1977656935390144
train:7233,-3.473220720467552,-0.6505256198539864
train:7234,4.426917671335834,0.0016152114466547185
train:7235,0.5388605465818597,-0.30322397664351136
train:7236,-0.16386571154681423,-0.18548272894676132
train:7237,0.21862154187742913,0.1174418084123115
train:7238,-1.5968129235444812,-2.2854363351263314
train:7239,-19.303967665289846,-5.274349928459396
train:7240,0.5451581889975994,0.026657034070283678
train:7241,1.0196910019807737,0.1615531015094697
train:7242,0.7283164531973367,0.0017892576348622902
train:7243,13.027640102354868,3.9047998155053243
train:7244,5.404346921944557,1.8702080070250189
train:7245,-0.40037081730158175,-0.13654550596871326
train:7246,-0.00784276264796907,-0.013430225559029535
train:7247,1.6618087718163599,-0.3162390650011873
train:7248,5.55961647368675,3.1251718989375616
train:7249,-5.453645443864201,-4.90742175997752
train:7250,4.159155068305816,0.7821287306577331
train:7251,-7.9064201973680746,-0.24863381906896748
train:7252,14.562480037426706,6.4529723945984925
train:7253,1.3191815977643073,1.7750415485644606
train:7254,6.571608545288842,4.06707049513336
train:7255,0.4420466873697955,0.008330398434456737
train:7256,1.8100804006940603,0.07185939704236932
train:7257,-0.03611968036673033,-0.08205392701388367
train:7258,-0.02149840574234993,-0.034362846211239806
train:7259,-17.926453607553455,-6.918641305293699
train:7260,-8.639175062284915,-1.24666947966741
train:7261,1.4006572811390594,0.41090208497476277
train:7262,1.9752810333762256,2.7790003076683485
train:7263,-0.3392247693279155,0.05044372688747805
train:7264,-8.284838966671458,-5.7802496984007155
train:7265,0.48854809866593624,0.27201879055671335
train:7266,-9.447739208512168,-2.276387502608448
train:7267,0.18640887369299086,-0.2088120512070758
train:7268,2.4555855520065735,2.040259407230794
train:7269,6.730102757739788,8.44943967087355
train:7270,6.73836246393236,0.535682502358839
train:7271,-11.57578653737974,-7.814415379041532
train:7272,1.0584341195085623,-0.2260745798610665
train:7273,-1.697038223661338,-3.807816774109023
train:7274,0.548359836340566,-0.10342851085549315
train:7275,13.972193248961478,3.7440159468391725
train:7276,-1.111481495468722,-0.21623126929225844
train:7277,-0.3410807159180735,-0.18712304294021265
train:7278,36.61837357643479,11.303011952379398
train:7279,-2.943098308827413,-1.8247540502029582
train:7280,1.7667827288650488,2.6350900742881103
train:7281,-11.30388850225567,-14.221627351488634
train:7282,-9.020451208277455,-6.573313124733242
train:7283,-8.04218324833791,-5.667801024094386
train:7284,-13.597643222769152,-5.810987396524652
train:7285,0.18938108475283055,0.11229432106566765
train:7286,6.066624632665846,0.4199820175492276
train:7287,3.0956865141497487,-0.06944157012285523
train:7288,-0.21540309815973635,-0.013065441867843683
train:7289,1.109665823535555,0.4910009940040859
train:7290,0.5674330349530992,0.3161014088310603
train:7291,0.5122251327266255,0.2839486581326721
train:7292,-18.611413198608922,-9.378052610973969
train:7293,1.5261154583186003,5.244201644983528
train:7294,4.76144832487997,-0.037326909860738694
train:7295,8.732445038776671,2.628759358183275
train:7296,-1.9822716906538433,-0.02652063882438878
train:7297,-10.30956511657852,-3.57089711371552
train:7298,-4.181651620041087,-2.8630384268024387
train:7299,-0.8680117083778166,-3.5749081650496546
train:7300,2.273854813860213,-0.19380556060252324
train:7301,0.030541206898632864,0.3490566265857334
train:7302,-5.089851552287922,-6.482343461981446
train:7303,2.0721268555963244,0.10490762964516644
train:7304,-1.0160246112341187,3.248275053178395
train:7305,0.4161464226993528,0.4249971156641857
train:7306,-3.003436099499729,0.15225446991326536
train:7307,2.8626559617120018,-0.3421531158171942
train:7308,-0.23030041694441394,0.053888700127507856
train:7309,-3.754530524822873,0.47705975166784964
train:7310,0.18933947472782578,-0.1592713730027015
train:7311,23.076777284219578,8.947006337580786
train:7312,-4.179650154592532,-0.5382181797495627
train:7313,24.47618704852162,10.442284503860929
train:7314,2.5181333231689487,0.5617238066173713
train:7315,-11.304081907511558,-6.44241213061747
train:7316,-1.3654981453780213,-5.04400065433154
train:7317,0.012780002594072193,-0.19279366747714927
train:7318,8.313678957629532,5.625932869754888
train:7319,-2.121114115932273,-0.41126571586793964
train:7320,1.8861109822491904,0.2588770193997519
train:7321,-6.2036008238101195,-1.5848626224762166
train:7322,0.415868867560494,-0.008981062877366067
train:7323,-16.70349638459465,-4.13151301072662
train:7324,0.5835851633186475,-0.4403374210526238
train:7325,2.4061698117524153,0.10986908729556219
train:7326,1.7138473383952615,0.23513098491340928
train:7327,13.334350153705852,21.271504528751684
train:7328,-1.6067326140306801,0.067574579613833
train:7329,2.6094689552621553,2.534340442367149
train:7330,1.2979502568492913,-0.1973894854714991
train:7331,-8.112282425434813,-5.909753757864907
train:7332,-0.09170404871328922,-0.09717739948264134
train:7333,-5.587505126762867,-2.5055680993807337
train:7334,-6.043825766455394,0.19135779793596577
train:7335,5.136732627271819,0.07474086008287463
train:7336,-1.4145631061476416,0.13513374610442083
train:7337,0.3291710098185202,-0.015379400206144297
train:7338,3.534393792978515,2.26921160404626
train:7339,-1.2907042416610226,-0.22672254526011465
train:7340,-2.496754311889945,0.19982899683413413
train:7341,-0.5334310763120266,-0.040435346249963866
train:7342,1.422357722782901,0.34480661839483856
train:7343,1.2794330983474365,0.02096543839427617
train:7344,0.6582777152428971,-0.24343383254424134
train:7345,0.2742306670265746,0.007130763683114563
train:7346,-3.329835828716392,0.08119426448431526
train:7347,4.466259368832267,10.75112347308124
train:7348,4.939571776054127,11.686497905113836
train:7349,-2.7069156226518727,0.14349309892754436
train:7350,-9.339972498165112,-3.004756819497741
train:7351,0.5457442162212702,0.16033492085282675
train:7352,1.6529404899508129,0.15101760069051157
train:7353,2.0775649836687387,3.8837701855023097
train:7354,-5.361315820335684,-1.590163042211187
train:7355,0.6364870798018387,0.08334730142892888
train:7356,-0.754969590726522,-0.1509924808764215
train:7357,-0.017892862206948412,0.16859112991031575
train:7358,-6.21054016719807,-14.04311645057111
train:7359,0.5358564887431057,-0.09046891755290962
train:7360,-7.574165774912469,-1.0032402065133244
train:7361,1.2269523961955788,-0.05857309897334259
train:7362,-0.5502089822603288,-0.023878845944693902
train:7363,-9.86645135934757,-5.5039470947969
train:7364,-1.0398390281147956,-0.033689344527200515
train:7365,-0.1368856783504091,-0.2851220317834442
train:7366,-1.4824571843775325,-0.20525751446496127
train:7367,-0.1663727736679132,0.008494315705153854
train:7368,-0.18589996322365498,0.055912914360685885
train:7369,-2.0811738384671954,-1.8259870675838419
train:7370,-22.33525287280787,-8.453175731984869
train:7371,7.960327555121776,4.80892239985472
train:7372,1.1916294367565925,-0.5064761495231824
train:7373,11.692874185167536,2.667418155121996
train:7374,0.6074437472649723,-0.14698513872334723
train:7375,-1.2111865540438984,0.09232837006205943
train:7376,4.01046966376047,-0.18606678230292673
train:7377,-20.581096956556568,-8.1990951174341
train:7378,-1.2776068470306026,-6.8241638985454705
train:7379,-0.7847140173159831,-0.02768817489347955
train:7380,13.166322828822244,16.06714345294753
train:7381,-1.090048148342928,-0.005597433785638928
train:7382,1.870884967512799,-0.20161053351796265
train:7383,-5.068553728316194,-0.5273385810568696
train:7384,6.505540658994358,7.5403262407468965
train:7385,0.12793539810748175,0.7785990168965597
train:7386,0.9736721739913924,-0.07933723720893554
train:7387,0.5230438554569923,0.7126968557141939
train:7388,-4.1402154738,-0.11695846207648153
train:7389,-0.3816810585563415,0.1486848111252901
train:7390,-2.0032445380057013,-3.947309372846609
train:7391,-8.154420595561458,-0.002455472106062298
train:7392,1.2230210624364668,-0.0025793016891476755
train:7393,-2.5838778006698173,-3.397665233411467
train:7394,-7.956123488465423,-5.11025233449842
train:7395,-6.272478200396269,-8.811191594344038
train:7396,3.3689121182838875,9.395344182614323
train:7397,9.435358774476107,0.604971716492372
train:7398,0.9966281225908253,-0.023019885207646557
train:7399,2.386799066592362,0.24155471586636862
train:7400,0.06209787792908493,-0.0687281234120142
train:7401,-0.22591474355473257,-0.7647746735825947
train:7402,0.9401837749844607,5.295257666311788
train:7403,6.533654158570222,8.035292486209341
train:7404,2.0577558222675734,-0.3324410531935919
train:7405,23.775643457039777,11.596126276477586
train:7406,0.9081261564462694,-3.7942234814883915
train:7407,-9.98980950878469,-14.337320703257744
train:7408,3.895943532703418,-0.11744607672508273
train:7409,1.7424043682935242,-0.108345743654787
train:7410,1.2327759400303284,-0.16119586732968522
train:7411,3.183448798173828,-0.15552880931299876
train:7412,-14.569296351024136,-3.987052962584617
train:7413,-13.902314150436663,-3.312112116293987
train:7414,-0.6312964603738628,0.0036305807096123632
train:7415,-2.983797097530427,-0.36521708897089716
train:7416,-0.5517250749032409,-0.7817487420787528
train:7417,-0.6082077781192469,0.18443589543446476
train:7418,-3.0616696781812998,-0.697866183046445
train:7419,-0.5446111553768624,-0.03087165086876799
train:7420,0.16706858056241022,-0.1511377095810078
train:7421,-7.197352827132734,-0.013158456715967715
train:7422,-1.4561926576446176,-0.061328164536182395
train:7423,-2.0201833050562565,-1.7508186588091432
train:7424,2.3565729865291023,0.24453875202926836
train:7425,2.905081217765354,3.1294217644676467
train:7426,0.8189151926689501,-0.06033809851473934
train:7427,-0.17185669601365683,-0.014175913612931967
train:7428,-11.876411761833936,-2.995480442987898
train:7429,-0.38875441411979617,0.3988555208562189
train:7430,9.250136048644707,3.6501967770683126
train:7431,-19.403496985435392,-10.981935028052394
train:7432,1.8194505599003077,0.06819622409343502
train:7433,-7.03462369046091,0.15357094386800257
train:7434,3.897032832017231,0.053985424156692066
train:7435,-22.34599058384151,-11.844424622896058
train:7436,3.198664584747649,0.21612842235977292
train:7437,8.533879209954907,0.47584485220983685
train:7438,-1.896408357994368,0.10865875298346957
train:7439,-5.38292699801527,-0.8133241444790458
train:7440,9.529549923592548,2.388775914234079
train:7441,-4.51528777427674,-8.533796779578815
train:7442,1.9020538981985138,-0.15834550434576128
train:7443,-1.8205074881372978,0.005266757539573508
train:7444,-0.017867175571400745,-0.06910731584501068
train:7445,1.1889868514814275,0.0073457535237939214
train:7446,5.976723732831464,6.197075993257965
train:7447,4.299300422020848,10.780879094189094
train:7448,0.6426344379652565,3.0452769948665472
train:7449,3.6759464488800226,-0.34678959214239585
train:7450,-9.55711731938064,-16.123807245214387
train:7451,0.539299311510332,-1.3151937465376897
train:7452,0.9236883057980626,-0.20130523938454936
train:7453,-21.925341590948342,-4.4704186016205965
train:7454,-4.262958538733417,-8.198256842514503
train:7455,-0.35695668389420465,0.03903742448424204
train:7456,0.09514623348722284,-0.07021778759009897
train:7457,-5.806167435370746,0.2944984250326309
train:7458,-1.2470113908235851,0.02584187020190823
train:7459,0.8241176080857506,-0.13534829645114121
train:7460,3.9638552777595684,0.36232707779332046
train:7461,1.2961821794739476,-0.02786593026274728
train:7462,-0.05884572776655586,0.1106853924504177
train:7463,-7.041281294461677,-0.0810193508197187
train:7464,1.1552418185772595,-0.26555310581408326
train:7465,0.5123353179325041,0.15066665509789628
train:7466,-3.030064655836876,-8.158315239572207
train:7467,-0.4950312996050876,-0.0557606837648803
train:7468,-11.835246196984498,-4.564672601540355
train:7469,0.3476730585347584,0.05052818208700172
train:7470,7.364055431886584,12.833317342018745
train:7471,0.8930907574668832,0.06533922738184579
train:7472,-2.6847428258638426,-0.15339831277636612
train:7473,1.6809624009800195,0.7575220235046232
train:7474,6.054842254300522,8.279364588973314
train:7475,0.436679923977138,-0.08465634551001686
train:7476,-1.0327897319792068,0.0213707377555038
train:7477,-1.0885576261064434,0.11026140452307925
train:7478,0.056017467738859114,0.2199518747287492
train:7479,-8.619704360081554,-5.271172586898938
train:7480,-0.06335774220981324,-0.07933823583460559
train:7481,-5.863064379170877,-0.4080686871157006
train:7482,-0.6729032309632942,-0.01420872559923339
train:7483,-0.7071705975333044,0.006146118772451747
train:7484,-4.338177841030074,-3.0928898147033737
train:7485,0.4263941117625449,-0.6341357473748037
train:7486,-0.18824139884857566,0.12893698850018137
train:7487,6.256389592511736,1.592095465724655
train:7488,1.0785882489382588,-0.08811016372026703
train:7489,3.53137044110582,4.275096776354687
train:7490,0.23594642206504007,-0.888019917990194
train:7491,-4.528083670569556,-5.425662831270856
train:7492,2.473942779239136,0.19051923769474932
train:7493,-4.370937250995581,0.1724118717239019
train:7494,1.2162602469770283,0.022270784805832944
train:7495,-0.013688506244662252,-0.03344653582856996
train:7496,3.7549441274137068,0.09897864638130861
train:7497,0.430877998758732,-0.010520943660573032
train:7498,-2.7787252274805385,0.0693522759673203
train:7499,-1.346838954891374,0.2587025452291143
train:7500,-7.832779286522717,-13.231140195334442
train:7501,-11.65733474772545,-0.6713338402798714
train:7502,6.712368518591096,8.429977883172503
train:7503,-24.25382557255521,-10.31773026367959
train:7504,14.840153265071553,2.387553881735566
train:7505,-0.15712407389219657,-0.014783363341938374
train:7506,-0.5303421712155812,0.21930961576210128
train:7507,-0.2758373590017563,-0.11761099262144989
train:7508,10.652106572921348,0.8657921626858713
train:7509,-2.3513481957398095,0.2309207790885062
train:7510,0.47886877000015604,-0.24594694537331063
train:7511,-0.4725133023302861,0.03969651742647071
train:7512,1.412613770726331,-0.17548634332881663
train:7513,-3.3373707301158633,0.03832469107745105
train:7514,4.261288385658647,0.9353976558351882
train:7515,0.16291269214321624,-0.020739309498887373
train:7516,-0.27217683909253565,-0.15962517181151692
train:7517,-0.8658231140458604,0.009388228340652727
train:7518,0.2592854618444055,0.26881719665855414
train:7519,-5.963524927026867,-6.086477974797912
train:7520,-3.4029425505256543,-9.82286045692471
train:7521,0.8945459460508497,0.3784317713133008
train:7522,-3.7683789920275417,-0.2634947956473137
train:7523,-1.0069573451149174,-0.7257187089488162
train:7524,22.223309644639667,9.609679495497364
train:7525,-7.801319318120209,-15.628099734183154
train:7526,0.3873694873058133,-0.018684565852368024
train:7527,-0.943337709006748,0.23721811256380004
train:7528,21.892315145846215,8.19650205473255
train:7529,-2.5294416598009746,-8.573172875070247
train:7530,-11.811590316623672,-7.736296031411855
train:7531,-12.198080965861505,-7.309789284811949
train:7532,4.848720586933602,1.6129145283721005
train:7533,-8.411008001149684,-6.34282974944398
train:7534,-0.2991361835055585,-0.0773329954891584
train:7535,19.891645634306172,6.9911340507578545
train:7536,3.265867332171035,-0.17535951786872112
train:7537,8.991185937502577,0.3071655636747017
train:7538,0.5040258656765186,-0.015140300688573902
train:7539,-1.6778057911542335,0.07124752482825272
train:7540,-21.99979889513346,-10.207071126573979
train:7541,-0.6433498850473187,0.06347393729101468
train:7542,-5.877392640183422,0.1298324704045903
train:7543,-2.066262572188103,0.037756901053626356
train:7544,-5.205661782664117,-4.5732744777404895
train:7545,-1.4199333564139032,-0.10535614372029697
train:7546,-6.340636351187084,-0.5937677312713983
train:7547,1.7553462483612168,-0.19171408179742733
train:7548,-0.3043964810241814,0.1430203210031838
train:7549,12.79828750419436,4.206575077378987
train:7550,8.60685714989907,-0.012426321439015883
train:7551,-1.9505590401441832,-0.17711538711827746
train:7552,5.333490395900917,0.3603001530047523
train:7553,0.500547360569414,0.2474874083112866
train:7554,7.036986687854481,0.8285526981459019
train:7555,2.7931258423872296,-0.017206029217463725
train:7556,-6.268914150656752,-13.93894780967754
train:7557,3.9715468560129685,0.03995473349258193
train:7558,1.4697215541503699,1.6309029152274026
train:7559,37.01851789287196,10.331151732866097
train:7560,-1.7845859487296667,-6.429238260778257
train:7561,1.6238618237614282,-0.24903640787480497
train:7562,-6.284284754418579,-1.760080626577176
train:7563,6.90394014388021,0.054364901911308564
train:7564,1.792957526717227,1.8003026408530691
train:7565,1.8300479823859561,6.648563788976438
train:7566,0.6329620830466838,-0.2987428579404065
train:7567,16.81380555009675,10.493374193140351
train:7568,-5.432829273366272,-4.6204287259150805
train:7569,-10.120824832655654,-2.8416270364718477
train:7570,15.619517866824491,6.491013184908266
train:7571,5.5521401517638225,0.18423902351665622
train:7572,15.47390323563285,10.891120520443007
train:7573,4.3636918194866485,7.183877364724836
train:7574,2.32131883472923,0.2105094410360586
train:7575,2.10879621316284,-1.1121787415996343e-05
train:7576,3.2723798822298864,0.3849779052412454
train:7577,-9.29144451593047,-4.647971677859738
train:7578,20.21599740642623,8.881390353983294
train:7579,10.726739615536092,2.15515343048144
train:7580,-8.99123399697688,-2.3040200455417894
train:7581,-0.013498239175017412,-0.0006930404592456613
train:7582,-1.5103249755934534,0.2732510946335469
train:7583,-10.444779566101364,-2.0240162498831733
train:7584,-1.2032106793626722,-0.7815940977607061
train:7585,3.7223134993132985,0.03715744032998029
train:7586,-0.31559376199879574,-0.051753769594236054
train:7587,29.08266880128485,9.498716776188058
train:7588,6.624251968208875,0.41418371158733547
train:7589,7.303697184889126,3.194663120778064
train:7590,-0.8577165978336133,0.15698224915687092
train:7591,1.0355323336791074,0.0862819769515665
train:7592,7.697288968450123,-0.03373585195126255
train:7593,-1.1646625942984534,-5.950828087638653
train:7594,1.15218638746741,-0.0927728896345098
train:7595,-0.8351967408928899,0.0056821858183115775
train:7596,-2.65685481078102,-0.020224731957195
train:7597,2.2331927535591585,0.7627710853479914
train:7598,11.183387091514412,8.522303964905838
train:7599,-7.234262546519669,-2.129382956259175
train:7600,8.347373314637327,12.473645472977024
train:7601,1.185127812235033,0.6707885665103541
train:7602,6.838575211304243,2.2817079776987534
train:7603,-0.6248510907464441,-0.04700558985479958
train:7604,13.558600758409348,13.816351897458212
train:7605,-7.991732371539916,-10.728730350875063
train:7606,5.010764436713169,9.638916972543274
train:7607,-0.7032666938465417,0.2108894894339151
train:7608,-10.626852017860893,-4.249118017349813
train:7609,8.891744021655363,2.1855146467277704
train:7610,1.0427720131134612,0.30361359482716727
train:7611,2.7713417157768983,-0.15188824810245047
train:7612,-2.3415475238726184,-0.026471848827366667
train:7613,-0.15203498186751796,-0.04389886539529447
train:7614,1.5304087295577822,3.564149768226591
train:7615,5.675498301200943,0.43517168463382816
train:7616,-6.343092040037087,-3.256472688461847
train:7617,0.058659123181062964,0.07561622681307269
train:7618,-1.9540068607635752,0.3489840122334402
train:7619,-25.897561965021723,-9.613453789705764
train:7620,-23.988090470296658,-9.357968822141295
train:7621,-2.588160611288188,-0.004235308371699692
train:7622,1.5699979950800818,0.02185050605955466
train:7623,11.342122595618738,0.35497548093208076
train:7624,-8.377181607861429,-0.6950648953811633
train:7625,4.516940379288107,0.181360128370731
train:7626,0.7936839428139476,-0.035999308362820975
train:7627,-11.841352410039391,-9.508194078937267
train:7628,0.5918747403950917,0.13652825552223147
train:7629,-3.6216643684430374,-0.26234580548352376
train:7630,2.0687717858147923,-0.17567508358045486
train:7631,0.9654861570609797,6.008155418355909
train:7632,-0.14025795004171948,0.09711007509184737
train:7633,-3.9845163392298226,-1.6035203738520678
train:7634,10.716229713577897,2.395646458843978
train:7635,-4.786909649011393,-0.11454635310089661
train:7636,1.1687023129789504,0.04439376725673497
train:7637,5.448023035788696,0.5436793540637366
train:7638,-0.8412522780514089,0.23660053391728317
train:7639,0.0045929396015784996,0.49659030187931896
train:7640,-14.158838327383542,-3.8730923690138415
train:7641,0.9028051873269411,0.16709804187279081
train:7642,1.437280611974006,0.10521534901234983
train:7643,0.04435817601174741,0.13762617311603922
train:7644,-2.4568821446892612,-3.68702443966867
train:7645,1.7243656088501047,-0.16166179753516546
train:7646,-0.8293378634056225,0.0975454758839863
train:7647,-10.415289913743216,-13.452024780683246
train:7648,-0.0101545598472578,0.08377271596436738
train:7649,0.33990523397855604,-0.007444605953599248
train:7650,1.1247163323005576,-0.12725914320216944
train:7651,-0.9149736194478929,0.13135837042841667
train:7652,-3.98561028770844,-1.2664177302749489
train:7653,2.3877070484787795,3.1286354180828924
train:7654,-0.3527422159984676,-0.049225106736876106
train:7655,-16.383232158171154,-8.01906059906571
train:7656,-0.4571882603835481,-0.04698946918326888
train:7657,-3.741896419465272,-0.18394570137975447
train:7658,-4.725846588629496,-1.7072693066425995
train:7659,-1.848340410617181,-0.12501337673105178
train:7660,12.555528574402139,1.8081983460436724
train:7661,0.040850962311971745,0.08858980087503686
train:7662,3.895169446763385,-0.06995315178753747
train:7663,1.5087545471037505,-0.0748889304921321
train:7664,-2.552090066148556,-0.5247193285851557
train:7665,-3.012035659639547,0.1460883843831772
train:7666,-30.836183770786352,-14.030100078266145
train:7667,31.905463142955384,20.51156523057288
train:7668,2.446176339815964,3.1340456866415676
train:7669,11.074247017883959,3.1514063659328424
train:7670,-2.7032613791151388,0.16937947354641003
train:7671,-1.4122501466571515,-0.2599065909540377
train:7672,2.5578585767617947,7.230538862461665
train:7673,0.9131098286589945,0.08310991384107856
train:7674,-0.23981028355305167,6.1548341274151275
train:7675,8.332009684622706,0.5809339406495666
train:7676,0.07213321638980838,-0.09315664721342648
train:7677,4.348484401409477,0.3915106290530495
train:7678,0.9219299916688097,0.6405339892195034
train:7679,0.39591999875693823,0.30412774438642964
train:7680,-1.2077189744740853,-8.133394678637083
train:7681,20.024120795925906,7.7291771971736685
train:7682,-1.040339743164295,-3.567323175103245
train:7683,-0.571802493113655,0.07742288331099126
train:7684,2.738730846626911,-0.35053401042262866
train:7685,6.895795736974803,2.2512254997639176
train:7686,-3.428661730226942,-12.733161524207906
train:7687,31.566695240607967,11.611850921599709
train:7688,6.368714808950099,3.796666345380062
train:7689,-1.1755620962673072,0.3095154725371239
train:7690,0.31042557732473997,0.09186729032411937
train:7691,2.4091415578957744,0.04208815457581971
train:7692,-1.569193862645628,0.40226696880589724
train:7693,-3.8620591979319125,-5.379546868471491
train:7694,7.889554249128145,9.977333522180551
train:7695,-2.28234970841049,0.060439113879752704
train:7696,0.5176948751197139,0.01117548296841045
train:7697,-1.6328971837202872,0.10709176664636141
train:7698,2.823307290468361,8.965758245091243
train:7699,-4.915555758497725,-2.897773195501129
train:7700,-1.3424643232681044,0.13603850096148018
train:7701,-5.5312739433628115,-0.07470175950940397
train:7702,-27.810395735733767,-16.865302212589114
train:7703,18.371707202267338,7.515049027786757
train:7704,0.44906111476934685,0.06445758357600745
train:7705,2.1516852234054924,2.2435898652299557
train:7706,5.378308344621165,0.38440768998365066
train:7707,-0.0628256452978804,-0.438893550994551
train:7708,-2.262494520277755,-1.1269239902508827
train:7709,1.4583827061074435,-1.024683838186977
train:7710,0.48623397688424497,-0.13543018375608476
train:7711,12.171998513312133,20.975281340281843
train:7712,0.020450543376729857,0.2894204135004601
train:7713,-0.9830810943423335,0.03782395163432928
train:7714,-8.749635498719991,-3.390945909260175
train:7715,0.8457341323048617,0.24987954477347063
train:7716,2.1355330950399436,-0.1305232225351114
train:7717,-2.326964023712279,0.15841969947849344
train:7718,0.7405774630793363,1.2933768543661852
train:7719,2.158800537681312,-0.12802351982218269
train:7720,1.462015331027834,3.2188144546256336
train:7721,-4.0245005513023075,-1.2969713959539775
train:7722,-0.7869072608127442,0.10344207514397272
train:7723,-10.327340733293976,-5.793708319216701
train:7724,-0.6935445928645554,0.01217910176680409
train:7725,-3.6510577830897204,0.00035722842402001465
train:7726,1.2709632499056784,0.0330528035044818
train:7727,8.992939602467025,4.076613647357916
train:7728,0.019381351700698823,0.03988682694701898
train:7729,-0.3957223498712975,0.1000982484182373
train:7730,2.4871373414139804,0.13368031777207764
train:7731,3.266941754157472,3.917324293337389
train:7732,-0.7388523310970111,-0.048931796111503334
train:7733,1.0184936095852444,6.091597155485298
train:7734,-0.18555267061272113,0.08576682876663409
train:7735,0.9678246869578973,0.48651987530098106
train:7736,0.6240467283874861,1.583034507037921
train:7737,7.4793421663057345,0.5018738876387088
train:7738,17.670683816977615,10.604034471532444
train:7739,-0.8190376387801339,0.004224762983288194
train:7740,-0.8602615506478731,0.0026412279922193305
train:7741,3.316564614703693,-0.168573143136726
train:7742,-0.27276844531397254,0.02615986114741206
train:7743,-17.06699412437285,-18.5620870610733
train:7744,-4.384798735861703,-0.1560700644261623
train:7745,0.30992300260931893,-0.0188657450810759
train:7746,-5.317662022482609,-0.40866215608532636
train:7747,-2.7377828225417424,0.058375667923822976
train:7748,-2.3526850630794884,-1.8380605945954769
train:7749,31.21115315164409,9.024913976568415
train:7750,3.420488325422931,0.12590986877265975
train:7751,-0.41220689352040374,0.011745840886815254
train:7752,-1.4624336964788562,-0.10877130085103551
train:7753,-2.3192919719510594,-8.794365037125425
train:7754,-1.8921018366354918,-6.456246234685391
train:7755,0.30476196475928286,-0.038219538548947524
train:7756,0.41951613735002047,-0.00472634687974105
train:7757,-0.14965507440383585,-0.032136624271093
train:7758,-21.46522676785845,-6.280727786918559
train:7759,4.830398693353557,7.233015454123373
train:7760,0.058923660658467755,-0.04072366374698641
train:7761,-3.5283872451272607,-6.6197075614337395
train:7762,-9.832208400892785,-4.023425762703799
train:7763,10.165707231689877,5.888786553477798
train:7764,-0.049051332271851794,0.09771495692627366
train:7765,3.337860579009499,-0.1432451429282246
train:7766,-8.611643638142636,-0.21753033862817495
train:7767,25.185601246451416,10.658391664004247
train:7768,-4.416848218361486,-7.07067550116055
train:7769,5.046281266324524,7.950391614315208
train:7770,-1.6617798876131409,1.3072372080231478
train:7771,6.166984293645568,3.651990023450091
train:7772,17.627461461618445,5.41186575919466
train:7773,-13.215633438570382,-4.650195759887734
train:7774,-0.5688553875437623,0.039223168858870124
train:7775,4.295500659625718,-0.14478217049523145
train:7776,-7.09102735787523,-1.649491678590087
train:7777,6.88430253666035,0.4755546801222842
train:7778,-10.028349225352258,-4.815340484194156
train:7779,0.14794679817766485,0.018002088048827317
train:7780,-1.9572531400886697,-0.012015458306198018
train:7781,5.755690815089513,11.947518112106545
train:7782,-3.6965786855284857,-4.650662260736455
train:7783,9.028526169550455,0.43032892077735757
train:7784,2.073397472337532,-0.02538192023891926
train:7785,-9.320721236540548,-3.94274850675071
train:7786,0.7944689542912726,-0.2198263217044148
train:7787,-0.26253540111991625,0.0030278387873361456
train:7788,1.5660122660927511,-0.051222072755342934
train:7789,3.1294817580338106,1.9518707638536301
train:7790,2.8915400603542967,0.05450528014835467
train:7791,-5.262269548413377,0.10981516150937985
train:7792,9.67830553052645,6.895529052967337
train:7793,1.4163640195162883,-0.09586206681438414
train:7794,-5.1285135418898635,-4.860634150084645
train:7795,0.3523652281142097,-0.05913375595666698
train:7796,-3.891576280362409,0.09848076015438696
train:7797,1.92345237658827,5.533102910040611
train:7798,7.579207156150203,4.488006622424145
train:7799,-1.0272893050984053,-6.133934949211335
train:7800,-1.4182657009983477,-4.616676461290297
train:7801,-0.44474779274007537,-3.412073404578854
train:7802,13.444261058860977,12.620126168831954
train:7803,1.3622928380846386,2.1319984397309533
train:7804,-2.5300944025395973,0.010691006857629387
train:7805,-21.474573448782433,-11.807801881037747
train:7806,0.49131830351499844,0.8804131837817872
train:7807,-0.22129870404896324,0.019829573025006778
train:7808,-14.614395109298608,-5.991534352522583
train:7809,-0.6297885037693594,-1.2562694108943475
train:7810,-0.2642209558199708,-4.86281172468858
train:7811,6.996456198917408,10.924912871830797
train:7812,-0.7827262669036031,0.15809785669111945
train:7813,-1.3499438996063966,-0.023803806358630636
train:7814,31.50618171150602,13.765282751335432
train:7815,0.7648709763931693,-0.12581598644814668
train:7816,-2.6813456811408254,-1.1549183209984002
train:7817,-9.87889903319649,-1.3799666047480466
train:7818,0.044104215384274004,0.29445790936258914
train:7819,-4.4712313587515515,-0.16423226000985724
train:7820,5.49407208334931,4.986043784482782
train:7821,1.236682633215974,-0.07397747057700246
train:7822,3.6813543573812044,9.192769826908194
train:7823,1.3406677129106384,0.287050104142207
train:7824,-2.149497034608588,0.05180328440683717
train:7825,-2.5395945059021443,-0.06243578306507058
train:7826,-2.3860900095781705,-0.7473883153455185
train:7827,-1.1913725110196878,-0.1324323094946144
train:7828,-0.1556318082189101,0.03995073898990176
train:7829,13.631830683085942,3.057911892165557
train:7830,12.907473139639903,4.133093632682611
train:7831,8.983510166409514,4.550402180896558
train:7832,1.7961324413625648,-0.12453118319323081
train:7833,0.49077993023057886,0.09049289608051961
train:7834,-1.2213433519351526,0.08093690438306406
train:7835,-0.33495730095340137,0.07662255616685645
train:7836,-0.9248117170917641,-0.449011340961811
train:7837,-1.1741408465864174,0.04775399997562109
train:7838,-13.735176675696732,-8.010116907564802
train:7839,1.0859297450818421,-0.5691430488562275
train:7840,6.230284067215152,14.766880331372906
train:7841,-7.936565381963726,-0.2522391430594443
train:7842,-2.354769748578053,-10.770332525645832
train:7843,2.387771671869569,3.646523831853893
train:7844,1.0335829388763687,-0.567224688944074
train:7845,9.594897654258737,6.0838404019236405
train:7846,0.7155809960469866,0.01043963851039846
train:7847,3.3506483392639055,8.354775663785833
train:7848,-1.299479075313989,0.28974411087836416
train:7849,4.393026189740308,-0.09774547482808604
train:7850,-1.3618050813151656,0.24850372392177078
train:7851,0.16619058578898505,-0.02498189932766187
train:7852,-0.03726895390652757,-0.07290765716276595
train:7853,0.245389573158726,-0.08054015315890786
train:7854,-0.05116809700757058,-1.4698962701948972
train:7855,33.867280514052965,11.03444670046708
train:7856,-1.1465687422520947,0.14085273265594953
train:7857,-4.922653638405526,-9.275193596316255
train:7858,-0.06199972117027128,-1.2720678116552444
train:7859,-4.08721267044054,0.26173437276336614
train:7860,0.8235978314605511,3.8178446279471028
train:7861,0.060486244949429946,0.02739516110125577
train:7862,-10.958890719069545,-20.186226742529364
train:7863,-0.001350901372500296,-0.0742612229281048
train:7864,4.959681738418176,3.541990835251567
train:7865,-1.239015989650178,0.10935122855523968
train:7866,-5.009690652720026,-0.021937517642129478
train:7867,1.8386590492086663,3.5045061367791974
train:7868,-0.15777716531817965,-0.18620858714807287
train:7869,0.9706118612584979,-0.3508666954315631
train:7870,-0.1471512666981004,0.018669169996416324
train:7871,-6.211215690844237,-4.95939366370602
train:7872,21.34610522923132,13.95218439045428
train:7873,-0.3168385758753358,-1.4187807593088644
train:7874,1.3922213716003777,-0.019204421844030636
train:7875,4.07567838439899,1.3256019340952465
train:7876,-1.3937883132164766,-9.978517096079239
train:7877,-0.28584050199620514,0.00042028450204276147
train:7878,-3.2852531277352766,-10.392276813983472
train:7879,-15.761649981737515,-6.128495577847419
train:7880,0.04977828857054238,0.39520411742411016
train:7881,-0.4373894433740738,0.16320711094068163
train:7882,3.389414470157479,0.5539071355155114
train:7883,9.128435791377052,0.7497284634539843
train:7884,-3.355387173568219,-0.0901904436517775
train:7885,-6.500728481581509,0.12825892167022188
train:7886,-0.14130703407996886,0.028566691673026723
train:7887,2.0270669178479754,7.51259126735197
train:7888,-0.8025937753230714,0.18890460264709907
train:7889,0.3867306920616056,-0.029423215664775
train:7890,-9.302113419324996,-6.877524747920191
train:7891,0.3569480260916233,0.41315334388706565
train:7892,-2.2487474048658354,-10.003644800510491
train:7893,-4.3095124855918545,-0.28976464252347606
train:7894,2.0154586507045984,-0.050660845128778526
train:7895,2.0311465599643674,3.084703877606342
train:7896,0.5935715693197983,-0.061468542773228496
train:7897,0.06435481498367461,-0.010661607219239144
train:7898,-11.06061072567121,-1.9330106366072557
train:7899,2.3241757465019055,-0.1432148988365033
train:7900,-0.9620850011664502,-0.02535538532825811
train:7901,0.5164203065884219,0.05424549481333337
train:7902,-0.913245059973392,0.19705395875789347
train:7903,1.0589129834834776,-0.230156676278584
train:7904,-3.084425945152358,0.05224981274215659
train:7905,0.6198965351951782,-0.009191344911315208
train:7906,8.189266377614638,2.464951650988232
train:7907,0.6032636831887923,-0.14979070621292925
train:7908,1.1442716493033698,-0.2005810931129579
train:7909,7.462957114783456,3.514291241737523
train:7910,-1.2257870236557764,0.03892557840919718
train:7911,-1.6284886131939413,0.027857382125675872
train:7912,0.5670592421027767,-0.21798628257695474
train:7913,1.3447157407063561,2.950216961370254
train:7914,1.4220039213412399,0.12732848786736142
train:7915,5.082387145116674,4.585744114002635
train:7916,-0.7412313087277321,-0.12099590566046708
train:7917,-0.13610624587085002,0.00356196085999938
train:7918,-5.587469328193868,0.17578009344814838
train:7919,-0.6566320839787376,-0.06750794550403114
train:7920,-22.545060382128135,-8.049316103651828
train:7921,-6.908956765781624,-1.5117315527292163
train:7922,-7.711597876047301,-5.05942913561209
train:7923,13.718422307412123,15.640400460046253
train:7924,-9.260883696001251,-1.317150196886115
train:7925,-4.206664591608495,0.04538525988627808
train:7926,2.30271334209608,0.24656353690568641
train:7927,0.16453641295136426,-0.058529159443860695
train:7928,-2.0981637463306058,0.005586603075607419
train:7929,0.028920043131127615,0.1586329773894527
train:7930,14.694056980406113,3.2334951079401324
train:7931,-13.933749013349223,-9.370821990479614
train:7932,-5.720122552825635,-7.66880206091144
train:7933,10.698288586595384,5.074633864923674
train:7934,0.9788311197172662,0.07933653541641447
train:7935,-1.0823863247442795,0.4308159647827187
train:7936,3.471949465733051,-0.13377217982219267
train:7937,-6.633975404558875,-13.303026406853327
train:7938,-0.5099902198234315,0.07937590979997618
train:7939,0.04459807291568567,0.2233574735852173
train:7940,2.362787990040433,4.579088987215846
train:7941,-3.3705364770853277,-4.060334111503744
train:7942,-0.7587919015709569,-0.02974677038186907
train:7943,0.027970451219705345,-0.003128545807671565
train:7944,27.395464577557465,15.527568313482625
train:7945,0.3024334305666961,-0.04586458869636997
train:7946,-2.634844734761165,-0.06658920988759118
train:7947,6.283518863898381,0.027635401905306223
train:7948,0.27921596644698154,1.9448064858637428
train:7949,-12.316540755260071,-3.5721214287869936
train:7950,0.2022039462015149,-0.08111949870834304
train:7951,-3.8571310832386074,-0.11808148797285034
train:7952,-19.667967514866987,-7.240742023412186
train:7953,-7.785225769231204,-5.475248304969572
train:7954,6.112826637748545,13.063064016885136
train:7955,5.22332564634744,1.7867716910064106
train:7956,6.248095482499607,7.627237488775636
train:7957,0.4711655688347432,0.1589344196809958
train:7958,-7.499730786718417,-1.2611478399533196
train:7959,-0.2813660295587482,-0.09531624655530038
train:7960,0.24237668190684253,0.14012844372354805
train:7961,1.2138780149309438,0.015869879582474586
train:7962,-0.08547428410370261,0.0681014259851859
train:7963,-8.131778233128122,-6.694297480623863
train:7964,-6.85414776189542,-6.787906368360774
train:7965,6.7377311073518396,0.6579587945448762
train:7966,-1.1548774971333593,-0.13960315510957624
train:7967,-6.3017828159951765,-0.14192410382756715
train:7968,-6.578384411152469,-0.1341319703850283
train:7969,1.8837659435215461,3.400279004953525
train:7970,-0.39837551199639376,-0.10766468094781736
train:7971,17.15217548393686,10.800671284326114
train:7972,9.40403828101775,10.061909698071108
train:7973,0.04519816386289169,-0.02007122892562832
train:7974,2.604627779950704,-0.13613350154941536
train:7975,6.246849041415385,3.561922547660774
train:7976,-1.0956945589986065,0.014388204409750166
train:7977,0.2450013678975081,-0.08476448240400156
train:7978,8.38757929187101,2.1034619979054123
train:7979,-0.4305090281500268,-0.011805889576298897
train:7980,-0.38154030509186987,-3.4558799741858386
train:7981,10.359335647488727,2.112779175406917
train:7982,0.6549756459401423,0.16236412821435497
train:7983,12.825489767468444,5.118974556603323
train:7984,6.089819780794496,3.7689975666009787
train:7985,0.1602168739310341,0.07487453326185044
train:7986,1.2912860277886766,3.517955341981722
train:7987,5.3543795582862845,1.3786700434878343
train:7988,-24.82199442437711,-17.13843261042163
train:7989,11.08408558044431,3.512557342252707
train:7990,0.20455037967860093,-0.1664395080622732
train:7991,-0.7620249307763574,0.07343551367131786
train:7992,-3.955525077338772,0.20222341586927828
train:7993,-0.28979066487277766,0.08254783024965412
train:7994,1.596532173371687,5.092219377651519
train:7995,-5.559569225282552,-0.6811857104972798
train:7996,2.833690270227379,7.530565958769512
train:7997,-8.274953912463056,-0.4280765803974506
train:7998,-1.9471956018660026,0.049330972569429664
train:7999,0.5745834504231968,0.020626761631321447
train:8000,1.3678576558979891,0.019658950696239366
train:8001,-0.24218159006184448,0.023012621017865192
